10
15
0.1216017490815233
0.06632999565768646
0.1527381611486219
0.09724811533954283
0.105232284886758
0.09798754154083875
0.08654203590108651
0.0359252705642384
0.05726173318938451
0.1791331126903193
0,0,1.344059151537296,1.979517306041046,3.071946345872831,0.06011668786969959,1.993852235452278,0,2.276050210205511,0,0,3.476446992615831,0,1.110776558628839,0
0,0,0,0,4.712641071814633,0,0,2.134991288400982,2.552131804766348,0,0,0.4074829119190992,3.384081132931698,2.496075425783584,0.3680306537530115
1.344059151537296,0,0,1.68035576661857,0,1.383028910368984,0.02952163706012478,3.350588958960566,0,2.643559491838676,0,0.6215776289330549,0,0,0.2458125834658309
1.979517306041046,0,1.68035576661857,0,1.601048357130787,2.440667933217716,0,2.037456451510366,2.676568863939739,3.543171985422363,0,1.411595528074637,0,0.6932706083990303,1.732210507480127
3.071946345872831,4.712641071814633,0,1.601048357130787,0,0,4.799781576829787,0,0,0,0,0.248496518190845,0.6365065263372571,0,0
0.06011668786969959,0,1.383028910368984,2.440667933217716,0,0,0,0,2.515573363806491,4.885991304241879,0,2.652154616253328,1.20384789827517,0,2.215671475711272
1.993852235452278,0,0.02952163706012478,0,4.799781576829787,0,0,4.305657302146944,0,3.771894398640129,0,0,3.418840376716282,0,0
0,2.134991288400982,3.350588958960566,2.037456451510366,0,0,4.305657302146944,0,0,2.381841850563374,2.260285236798631,2.126431931673216,0.2155563235801072,0,0
2.276050210205511,2.552131804766348,0,2.676568863939739,0,2.515573363806491,0,0,0,0,0,0,3.11425324348155,0,0
0,0,2.643559491838676,3.543171985422363,0,4.885991304241879,3.771894398640129,2.381841850563374,0,0,3.787616250981577,0,4.547584572491512,0,0
0,0,0,0,0,0,0,2.260285236798631,0,3.787616250981577,0,4.705300910279481,0,2.572672108676783,0
3.476446992615831,0.4074829119190992,0.6215776289330549,1.411595528074637,0.248496518190845,2.652154616253328,0,2.126431931673216,0,0,4.705300910279481,0,0,0,0
0,3.384081132931698,0,0,0.6365065263372571,1.20384789827517,3.418840376716282,0.2155563235801072,3.11425324348155,4.547584572491512,0,0,0,0,3.299447436013063
1.110776558628839,2.496075425783584,0,0.6932706083990303,0,0,0,0,0,0,2.572672108676783,0,0,0,0
0,0.3680306537530115,0.2458125834658309,1.732210507480127,0,2.215671475711272,0,0,0,0,0,0,3.299447436013063,0,0
0,4.54410463940244,0,0,0,0,0,2.713844556383143,0,0.4778911406269781,1.457028878568554,0,4.259076427946346,0,3.883281133373338
4.54410463940244,0,3.719776417071692,3.990056254707084,0,4.031933102262599,2.193278393895927,0,0,1.376751396573371,3.036855333088009,0,0,0,0
0,3.719776417071692,0,0,3.758319607031026,0,0,0,1.280743900861842,0,3.592671208034513,0,2.33186115099883,0.05477049360444686,0
0,3.990056254707084,0,0,0,0,1.836485189535219,0,0,0,1.195956203693839,0,1.098777065891018,0,0
0,0,3.758319607031026,0,0,4.441583273081716,0,4.802979488152927,1.673098270892208,4.29140622173944,0.4318024409464516,0,0,2.382070851845098,3.821585429736842
0,4.031933102262599,0,0,4.441583273081716,0,0.961457809799543,3.924992529882948,0,0,4.463684753126264,0,0,0.5553794312228916,0
0,2.193278393895927,0,1.836485189535219,0,0.961457809799543,0,0,3.101663371603033,0,1.456846281939476,0.5001960277565548,0,4.929793828459758,3.641079014287669
2.713844556383143,0,0,0,4.802979488152927,3.924992529882948,0,0,3.487968708919802,0,0,0,0,3.05643522914089,4.890561052474248
0,0,1.280743900861842,0,1.673098270892208,0,3.101663371603033,3.487968708919802,0,4.595515471535131,3.87514593810913,4.243389165783487,0,3.608304384422345,3.626236717491866
0.4778911406269781,1.376751396573371,0,0,4.29140622173944,0,0,0,4.595515471535131,0,0,1.929399463133624,0,0.9675823618441737,3.957469709728889
1.457028878568554,3.036855333088009,3.592671208034513,1.195956203693839,0.4318024409464516,4.463684753126264,1.456846281939476,0,3.87514593810913,0,0,0,0.8750736420602589,0,0.8714796986735068
0,0,0,0,0,0,0.5001960277565548,0,4.243389165783487,1.929399463133624,0,0,1.101330611624981,2.841073570412057,1.978831856648926
4.259076427946346,0,2.33186115099883,1.098777065891018,0,0,0,0,0,0,0.8750736420602589,1.101330611624981,0,1.036706159989338,0
0,0,0.05477049360444686,0,2.382070851845098,0.5553794312228916,4.929793828459758,3.05643522914089,3.608304384422345,0.9675823618441737,0,2.841073570412057,1.036706159989338,0,3.709298537529755
3.883281133373338,0,0,0,3.821585429736842,0,3.641079014287669,4.890561052474248,3.626236717491866,3.957469709728889,0.8714796986735068,1.978831856648926,0,3.709298537529755,0
0,0.08340188796312598,0,0,0,0,0,4.561935229369242,0,3.667301583700882,0.6859371098736411,0,2.795297980051725,0,2.150170261806831
0.08340188796312598,0,4.178668095421838,4.214861617091939,0,2.007701028125841,3.538808112720496,0,0,3.717057200773929,2.344274495693997,0,0,0,0
0,4.178668095421838,0,0,3.23265510099917,0,0,0,3.09586327155237,0,2.504096561382487,0,1.870193115396238,4.886293472097861,0
0,4.214861617091939,0,0,0,0,4.707196998129029,0,0,0,0.3202946047542155,0,3.271268792564948,0,0
0,0,3.23265510099917,0,0,3.950222427271617,0,3.828743369209033,1.100826119333483,2.135481288441297,0.2040359763045851,0,0,0.5499859742102409,3.003119881240239
0,2.007701028125841,0,0,3.950222427271617,0,0.4893221148670218,2.683240868967536,0,0,2.217648259988934,0,0,3.036723383643381,0
0,3.538808112720496,0,4.707196998129029,0,0.4893221148670218,0,0,0.4488681701335767,0,2.538041513578472,4.393669063332349,0,1.063747866762993,1.428216474121409
4.561935229369242,0,0,0,3.828743369209033,2.683240868967536,0,0,4.424960415182627,0,0,0,0,3.69416127007617,0.585354218344053
0,0,3.09586327155237,0,1.100826119333483,0,0.4488681701335767,4.424960415182627,0,2.075758452640343,1.234055073023254,2.254386901443526,0,2.733849536892893,2.086898447945054
3.667301583700882,3.717057200773929,0,0,2.135481288441297,0,0,0,2.075758452640343,0,0,1.590271862096609,0,3.52119220536787,3.547345195027703
0.6859371098736411,2.344274495693997,2.504096561382487,0.3202946047542155,0.2040359763045851,2.217648259988934,2.538041513578472,0,1.234055073023254,0,0,0,0.2715490691086442,0,4.100341624195302
0,0,0,0,0,0,4.393669063332349,0,2.254386901443526,1.590271862096609,0,0,0.4202929992970156,3.210851112483994,1.98132081208684
2.795297980051725,0,1.870193115396238,3.271268792564948,0,0,0,0,0,0,0.2715490691086442,0.4202929992970156,0,2.446712757776855,0
0,0,4.886293472097861,0,0.5499859742102409,3.036723383643381,1.063747866762993,3.69416127007617,2.733849536892893,3.52119220536787,0,3.210851112483994,2.446712757776855,0,4.719248216957419
2.150170261806831,0,0,0,3.003119881240239,0,1.428216474121409,0.585354218344053,2.086898447945054,3.547345195027703,4.100341624195302,1.98132081208684,0,4.719248216957419,0
0,4.796443615285272,0,0,0,0,0,1.620795102377376,0,0.6500875944050749,0.9446673151568119,0,2.851661922489688,0,3.10530763797466
4.796443615285272,0,3.603314922503715,2.690231410912912,0,1.606971727331621,2.648231887092444,0,0,0.5840127429689079,2.981567918171069,0,0,0,0
0,3.603314922503715,0,0,4.414326717437754,0,0,0,4.859147432606195,0,4.469906618814112,0,3.77307577666142,1.927641407706683,0
0,2.690231410912912,0,0,0,0,1.34093761704398,0,0,0,0.01684596713210251,0,0.9673420841146779,0,0
0,0,4.414326717437754,0,0,0.3723516679623234,0,3.041160373836935,1.72640189358896,2.944298398438478,3.757818869934202,0,0,2.17715850078916,3.612929132653502
0,1.606971727331621,0,0,0.3723516679623234,0,3.468949648616228,0.02223718083859516,0,0,3.757632957807824,0,0,4.448787960286069,0
0,2.648231887092444,0,1.34093761704398,0,3.468949648616228,0,0,0.5588073519820147,0,1.189962202905164,4.457253083247751,0,4.594952660731512,2.968433728382294
1.620795102377376,0,0,0,3.041160373836935,0.02223718083859516,0,0,2.328222734573777,0,0,0,0,1.284596377560483,4.346616275322283
0,0,4.859147432606195,0,1.72640189358896,0,0.5588073519820147,2.328222734573777,0,3.557500802119367,1.847261050947026,3.026626338668355,0,3.922207065557117,1.365853425729576
0.6500875944050749,0.5840127429689079,0,0,2.944298398438478,0,0,0,3.557500802119367,0,0,2.404625754533927,0,3.257897285976468,4.732689490062209
0.9446673151568119,2.981567918171069,4.469906618814112,0.01684596713210251,3.757818869934202,3.757632957807824,1.189962202905164,0,1.847261050947026,0,0,0,1.341042247533059,0,0.9059593952481509
0,0,0,0,0,0,4.457253083247751,0,3.026626338668355,2.404625754533927,0,0,1.794324683297763,1.03466911389508,3.460601134993756
2.851661922489688,0,3.77307577666142,0.9673420841146779,0,0,0,0,0,0,1.341042247533059,1.794324683297763,0,2.223376350559335,0
0,0,1.927641407706683,0,2.17715850078916,4.448787960286069,4.594952660731512,1.284596377560483,3.922207065557117,3.257897285976468,0,1.03466911389508,2.223376350559335,0,3.996625516004948
3.10530763797466,0,0,0,3.612929132653502,0,2.968433728382294,4.346616275322283,1.365853425729576,4.732689490062209,0.9059593952481509,3.460601134993756,0,3.996625516004948,0
0,0.3762631681023915,0,0,0,0,0,1.452582611732022,0,2.482643570342314,4.783085255614728,0,2.65460163259391,0,1.395373297589478
0.3762631681023915,0,4.438113061763341,1.04794536964423,0,1.89403033535817,3.262134623014876,0,0,3.846652589660723,3.617293543673282,0,0,0,0
0,4.438113061763341,0,0,2.559449672404777,0,0,0,2.460856296361766,0,4.753583494715202,0,2.278010532302547,1.998294109301162,0
0,1.04794536964423,0,0,0,0,3.726977751462945,0,0,0,0.9453642174590809,0,0.4730002320373766,0,0
0,0,2.559449672404777,0,0,2.098986454480349,0,4.945207958722999,0.4580313151489235,0.4584974416994941,1.618783588279952,0,0,4.509392529507829,2.176074725855717
0,1.89403033535817,0,0,2.098986454480349,0,0.4801223976624247,0.9930556728023454,0,0,4.547015751728869,0,0,2.453428353748575,0
0,3.262134623014876,0,3.726977751462945,0,0.4801223976624247,0,0,2.877946423403102,0,0.9634231157841078,1.070183875329669,0,3.325808292406696,1.852651222791728
1.452582611732022,0,0,0,4.945207958722999,0.9930556728023454,0,0,1.857792252985703,0,0,0,0,3.631294686111632,2.83927606343328
0,0,2.460856296361766,0,0.4580313151489235,0,2.877946423403102,1.857792252985703,0,4.854373759940497,1.705487275065205,1.7723502033459,0,2.231763079737689,1.573537893856821
2.482643570342314,3.846652589660723,0,0,0.4584974416994941,0,0,0,4.854373759940497,0,0,1.392529588878801,0,1.659484637507319,1.490099023160293
4.783085255614728,3.617293543673282,4.753583494715202,0.9453642174590809,1.618783588279952,4.547015751728869,0.9634231157841078,0,1.705487275065205,0,0,0,2.730048545130713,0,0.4863183627649686
0,0,0,0,0,0,1.070183875329669,0,1.7723502033459,1.392529588878801,0,0,3.665915905455182,1.700935786590295,1.188364979704604
2.65460163259391,0,2.278010532302547,0.4730002320373766,0,0,0,0,0,0,2.730048545130713,3.665915905455182,0,4.104241828572137,0
0,0,1.998294109301162,0,4.509392529507829,2.453428353748575,3.325808292406696,3.631294686111632,2.231763079737689,1.659484637507319,0,1.700935786590295,4.104241828572137,0,2.188632085437469
1.395373297589478,0,0,0,2.176074725855717,0,1.852651222791728,2.83927606343328,1.573537893856821,1.490099023160293,0.4863183627649686,1.188364979704604,0,2.188632085437469,0
0,1.425667313190215,0,0,0,0,0,4.394869232996662,0,1.298292422975906,1.483065460206627,0,4.294431723605068,0,2.390238897047918
1.425667313190215,0,0.8142668906214862,2.65222728289682,0,3.594847439876673,3.890921365541362,0,0,3.828597477049126,2.040553247999471,0,0,0,0
0,0.8142668906214862,0,0,1.881014065663655,0,0,0,1.505134708291087,0,2.311776976263481,0,3.530141649159975,2.551440463786587,0
0,2.65222728289682,0,0,0,0,4.545366571538144,0,0,0,2.456018442654793,0,4.591800636266782,0,0
0,0,1.881014065663655,0,0,1.983621794281742,0,2.812780486068589,3.15800533644921,1.252914487275867,0.332453248725848,0,0,2.829170099891738,3.232623150600568
0,3.594847439876673,0,0,1.983621794281742,0,0.9969318887919387,2.19362343696829,0,0,1.866589149041607,0,0,1.567538626181399,0
0,3.890921365541362,0,4.545366571538144,0,0.9969318887919387,0,0,2.308287320539956,0,4.043485443821361,0.8347624919513735,0,3.717391393019068,3.978188139509993
4.394869232996662,0,0,0,2.812780486068589,2.19362343696829,0,0,0.4151080189032075,0,0,0,0,3.566264666589527,0.6007563061234505
0,0,1.505134708291087,0,3.15800533644921,0,2.308287320539956,0.4151080189032075,0,2.177360118873257,2.281947512369494,3.795477281789201,0,4.559539834081736,2.908480199346398
1.298292422975906,3.828597477049126,0,0,1.252914487275867,0,0,0,2.177360118873257,0,0,0.7901808755558726,0,2.60784335298792,4.979105548387086
1.483065460206627,2.040553247999471,2.311776976263481,2.456018442654793,0.332453248725848,1.866589149041607,4.043485443821361,0,2.281947512369494,0,0,0,3.875932400323518,0,0.1565740307522046
0,0,0,0,0,0,0.8347624919513735,0,3.795477281789201,0.7901808755558726,0,0,3.010721110518533,1.637371297569024,4.744413558709332
4.294431723605068,0,3.530141649159975,4.591800636266782,0,0,0,0,0,0,3.875932400323518,3.010721110518533,0,0.0874010760715821,0
0,0,2.551440463786587,0,2.829170099891738,1.567538626181399,3.717391393019068,3.566264666589527,4.559539834081736,2.60784335298792,0,1.637371297569024,0.0874010760715821,0,0.4515636764284903
2.390238897047918,0,0,0,3.232623150600568,0,3.978188139509993,0.6007563061234505,2.908480199346398,4.979105548387086,0.1565740307522046,4.744413558709332,0,0.4515636764284903,0
0,2.440585683085224,0,0,0,0,0,3.895720960558919,0,2.958333376594855,1.186014376586535,0,2.231729190547247,0,1.573707950225656
2.440585683085224,0,1.006199224967191,4.216511969628799,0,0.9653202248094922,3.09008938631591,0,0,2.703831288671431,2.988069258435723,0,0,0,0
0,1.006199224967191,0,0,4.418810727486123,0,0,0,2.985484869809359,0,1.437986757787102,0,4.64753961896966,2.758151695585359,0
0,4.216511969628799,0,0,0,0,2.92276271114579,0,0,0,3.082344254835815,0,2.791197973899737,0,0
0,0,4.418810727486123,0,0,2.064653212947132,0,2.479440266870292,1.890941050567587,2.968857036256792,4.616284524432118,0,0,3.653218080749738,0.8834772227173698
0,0.9653202248094922,0,0,2.064653212947132,0,3.035274848676466,2.791456265441455,0,0,0.5814531181766114,0,0,3.810701931295215,0
0,3.09008938631591,0,2.92276271114579,0,3.035274848676466,0,0,2.727246678136039,0,0.3333664237901146,3.230627457645885,0,1.892287061114879,0.3676724520900371
3.895720960558919,0,0,0,2.479440266870292,2.791456265441455,0,0,4.986092785761105,0,0,0,0,2.518822608971775,4.851647093981535
0,0,2.985484869809359,0,1.890941050567587,0,2.727246678136039,4.986092785761105,0,3.176909718484027,0.8541185436783472,2.947204285798728,0,0.4329352459455205,3.446791330997634
2.958333376594855,2.703831288671431,0,0,2.968857036256792,0,0,0,3.176909718484027,0,0,1.977040060296325,0,0.1238171935749216,2.772236313203031
1.186014376586535,2.988069258435723,1.437986757787102,3.082344254835815,4.616284524432118,0.5814531181766114,0.3333664237901146,0,0.8541185436783472,0,0,0,3.018797132763445,0,0.05087929472591013
0,0,0,0,0,0,3.230627457645885,0,2.947204285798728,1.977040060296325,0,0,2.256854048424775,3.074824293120075,0.6787617594676731
2.231729190547247,0,4.64753961896966,2.791197973899737,0,0,0,0,0,0,3.018797132763445,2.256854048424775,0,3.942576877372284,0
0,0,2.758151695585359,0,3.653218080749738,3.810701931295215,1.892287061114879,2.518822608971775,0.4329352459455205,0.1238171935749216,0,3.074824293120075,3.942576877372284,0,4.667840182232863
1.573707950225656,0,0,0,0.8834772227173698,0,0.3676724520900371,4.851647093981535,3.446791330997634,2.772236313203031,0.05087929472591013,0.6787617594676731,0,4.667840182232863,0
0,4.852858674130406,0,0,0,0,0,1.97206053712969,0,1.138090888801041,3.300787638366558,0,1.916906181844806,0,4.13584952165631
4.852858674130406,0,4.409807661680783,1.076701534503288,0,2.449933905061104,2.510436809751961,0,0,0.8465912422843463,2.128548133924865,0,0,0,0
0,4.409807661680783,0,0,1.22880911013905,0,0,0,2.716914075383779,0,4.631835487689087,0,4.102328518221562,4.794467236043237,0
0,1.076701534503288,0,0,0,0,4.532516489081482,0,0,0,0.6138800657254934,0,2.088206357461114,0,0
0,0,1.22880911013905,0,0,4.869770728460392,0,1.265206437407354,4.43681469567,2.602896836900085,0.2718027493497366,0,0,4.904800339588276,4.382380517784334
0,2.449933905061104,0,0,4.869770728460392,0,3.548554780746529,1.925647472979751,0,0,2.625605069845301,0,0,4.772631830961985,0
0,2.510436809751961,0,4.532516489081482,0,3.548554780746529,0,0,0.1900612901818388,0,0.9793123133059473,0.9017177444459612,0,2.373841649105483,4.963688156473555
1.97206053712969,0,0,0,1.265206437407354,1.925647472979751,0,0,4.349149292739448,0,0,0,0,4.463847906376471,4.199833218586033
0,0,2.716914075383779,0,4.43681469567,0,0.1900612901818388,4.349149292739448,0,4.507775240322334,3.728029821202132,3.057849787789995,0,4.994686777926851,4.319338171445509
1.138090888801041,0.8465912422843463,0,0,2.602896836900085,0,0,0,4.507775240322334,0,0,1.427280238325439,0,0.1113646079973196,3.280442444552772
3.300787638366558,2.128548133924865,4.631835487689087,0.6138800657254934,0.2718027493497366,2.625605069845301,0.9793123133059473,0,3.728029821202132,0,0,0,1.580480983486821,0,4.837234299391597
0,0,0,0,0,0,0.9017177444459612,0,3.057849787789995,1.427280238325439,0,0,4.564018226487391,2.955948677864528,2.557577423218352
1.916906181844806,0,4.102328518221562,2.088206357461114,0,0,0,0,0,0,1.580480983486821,4.564018226487391,0,2.703950933317614,0
0,0,4.794467236043237,0,4.904800339588276,4.772631830961985,2.373841649105483,4.463847906376471,4.994686777926851,0.1113646079973196,0,2.955948677864528,2.703950933317614,0,1.891881507544811
4.13584952165631,0,0,0,4.382380517784334,0,4.963688156473555,4.199833218586033,4.319338171445509,3.280442444552772,4.837234299391597,2.557577423218352,0,1.891881507544811,0
0,2.840566439213004,0,0,0,0,0,4.411629834844039,0,4.775588556335129,0.02147983953806221,0,2.976793663940739,0,3.715806328947601
2.840566439213004,0,2.309794677277318,3.583629385144735,0,0.6038539925393638,2.426862344602472,0,0,4.650602368183653,0.6092080502742686,0,0,0,0
0,2.309794677277318,0,0,0.8200163872661087,0,0,0,0.6488538256046344,0,2.481640997235122,0,0.1992375044623373,4.27700719590335,0
0,3.583629385144735,0,0,0,0,0.2834153587421417,0,0,0,0.6651576937487969,0,0.5522365343052216,0,0
0,0,0.8200163872661087,0,0,1.189475811823923,0,0.9798060486995713,2.132637238551442,4.570270171054023,0.3397129272759691,0,0,2.941044338413474,1.258450555277201
0,0.6038539925393638,0,0,1.189475811823923,0,4.452637568169077,3.234293112452995,0,0,1.705625683099751,0,0,3.229418897538308,0
0,2.426862344602472,0,0.2834153587421417,0,4.452637568169077,0,0,2.896430902170479,0,4.873909352282219,0.5827499973171613,0,0.5313085983987331,3.88014687915998
4.411629834844039,0,0,0,0.9798060486995713,3.234293112452995,0,0,0.0003513032548191353,0,0,0,0,3.896926023342939,0.3115832317644818
0,0,0.6488538256046344,0,2.132637238551442,0,2.896430902170479,0.0003513032548191353,0,4.357918446757808,0.4898895958385607,4.215853263915273,0,3.63790546556322,1.054293631729223
4.775588556335129,4.650602368183653,0,0,4.570270171054023,0,0,0,4.357918446757808,0,0,1.215253213164689,0,3.9926216763635,4.726743938958196
0.02147983953806221,0.6092080502742686,2.481640997235122,0.6651576937487969,0.3397129272759691,1.705625683099751,4.873909352282219,0,0.4898895958385607,0,0,0,2.166762799830557,0,4.440187719977297
0,0,0,0,0,0,0.5827499973171613,0,4.215853263915273,1.215253213164689,0,0,0.0158863236719381,3.439620511521539,0.2071537872610463
2.976793663940739,0,0.1992375044623373,0.5522365343052216,0,0,0,0,0,0,2.166762799830557,0.0158863236719381,0,0.2273821657817021,0
0,0,4.27700719590335,0,2.941044338413474,3.229418897538308,0.5313085983987331,3.896926023342939,3.63790546556322,3.9926216763635,0,3.439620511521539,0.2273821657817021,0,3.794611645859063
3.715806328947601,0,0,0,1.258450555277201,0,3.88014687915998,0.3115832317644818,1.054293631729223,4.726743938958196,4.440187719977297,0.2071537872610463,0,3.794611645859063,0
0,1.369851702074057,0,0,0,0,0,2.128342372594912,0,0.3150475068501118,0.3908423397793498,0,1.525199868260658,0,0.7215559520517184
1.369851702074057,0,0.935249168069115,4.313341588113299,0,0.6995994476022654,0.5507482278170106,0,0,1.041042567875991,1.749766640105058,0,0,0,0
0,0.935249168069115,0,0,3.293019257374915,0,0,0,2.761096888887149,0,4.386650245343211,0,4.830943192185265,2.383527144888478,0
0,4.313341588113299,0,0,0,0,2.783682486190262,0,0,0,1.570904157490089,0,2.763722091288559,0,0
0,0,3.293019257374915,0,0,0.5428819439187776,0,2.463672641997819,4.453870030446184,3.316463724605453,2.867671957536895,0,0,2.515807207661616,1.782420781398038
0,0.6995994476022654,0,0,0.5428819439187776,0,3.013207602078169,2.928370551559955,0,0,4.247014136052613,0,0,2.426597789255563,0
0,0.5507482278170106,0,2.783682486190262,0,3.013207602078169,0,0,3.144889373536982,0,2.875452192833991,1.826670233376945,0,4.418920632218846,0.03685228736008295
2.128342372594912,0,0,0,2.463672641997819,2.928370551559955,0,0,3.399883612200237,0,0,0,0,2.474300823044954,1.390362782063362
0,0,2.761096888887149,0,4.453870030446184,0,3.144889373536982,3.399883612200237,0,0.7135796519356341,4.451347064892544,2.28493951986513,0,2.792033366009187,2.533758095438047
0.3150475068501118,1.041042567875991,0,0,3.316463724605453,0,0,0,0.7135796519356341,0,0,3.212598283464599,0,0.5390612933273048,1.123186152051315
0.3908423397793498,1.749766640105058,4.386650245343211,1.570904157490089,2.867671957536895,4.247014136052613,2.875452192833991,0,4.451347064892544,0,0,0,4.213895422220268,0,0.2484268359759367
0,0,0,0,0,0,1.826670233376945,0,2.28493951986513,3.212598283464599,0,0,2.550398629553604,0.8321890331501058,1.562047947299749
1.525199868260658,0,4.830943192185265,2.763722091288559,0,0,0,0,0,0,4.213895422220268,2.550398629553604,0,2.569252223556822,0
0,0,2.383527144888478,0,2.515807207661616,2.426597789255563,4.418920632218846,2.474300823044954,2.792033366009187,0.5390612933273048,0,0.8321890331501058,2.569252223556822,0,4.018967055607015
0.7215559520517184,0,0,0,1.782420781398038,0,0.03685228736008295,1.390362782063362,2.533758095438047,1.123186152051315,0.2484268359759367,1.562047947299749,0,4.018967055607015,0
0,0.6454168030394991,0,0,0,0,0,2.331889912260352,0,0.9162357997194609,1.547921822442404,0,0.5055389019373757,0,0.3413254702543861
0.6454168030394991,0,3.624411281919548,2.356321643232675,0,4.735976891773692,4.582749285819099,0,0,0.09880323255237189,2.733728033760081,0,0,0,0
0,3.624411281919548,0,0,1.278091158655965,0,0,0,0.7453209210164508,0,1.066189625602294,0,4.439841297779582,4.389077714834058,0
0,2.356321643232675,0,0,0,0,0.01480680377002386,0,0,0,0.4392757552813092,0,0.5564028555150335,0,0
0,0,1.278091158655965,0,0,4.000145533574693,0,3.554421384551335,1.121147839881365,2.498262743040158,2.19599286970579,0,0,2.657968486687667,1.516728898603203
0,4.735976891773692,0,0,4.000145533574693,0,4.312266958141779,3.831655122149924,0,0,0.9311577313327307,0,0,2.190909350117861,0
0,4.582749285819099,0,0.01480680377002386,0,4.312266958141779,0,0,2.40963689613756,0,2.916067982745449,2.011875402194023,0,2.225516163127917,4.444742087625876
2.331889912260352,0,0,0,3.554421384551335,3.831655122149924,0,0,3.274400325869673,0,0,0,0,3.807535819145937,2.048149929815543
0,0,0.7453209210164508,0,1.121147839881365,0,2.40963689613756,3.274400325869673,0,1.002987762706754,0.4104708341749846,4.413948562593804,0,0.7141206611396395,2.125248695117946
0.9162357997194609,0.09880323255237189,0,0,2.498262743040158,0,0,0,1.002987762706754,0,0,4.78461867944774,0,3.444035223872861,4.907590485236629
1.547921822442404,2.733728033760081,1.066189625602294,0.4392757552813092,2.19599286970579,0.9311577313327307,2.916067982745449,0,0.4104708341749846,0,0,0,3.130663618155656,0,3.351034652641162
0,0,0,0,0,0,2.011875402194023,0,4.413948562593804,4.78461867944774,0,0,0.7223045998413069,3.261137368740048,1.608850323439615
0.5055389019373757,0,4.439841297779582,0.5564028555150335,0,0,0,0,0,0,3.130663618155656,0.7223045998413069,0,2.228119636819626,0
0,0,4.389077714834058,0,2.657968486687667,2.190909350117861,2.225516163127917,3.807535819145937,0.7141206611396395,3.444035223872861,0,3.261137368740048,2.228119636819626,0,4.021181399185641
0.3413254702543861,0,0,0,1.516728898603203,0,4.444742087625876,2.048149929815543,2.125248695117946,4.907590485236629,3.351034652641162,1.608850323439615,0,4.021181399185641,0
