10
30
0.09709983212598142
0.08632558847905294
0.1901153620788629
0.0677169555979658
0.0528408787796115
0.005043201767662053
0.1586090712840478
0.0007422074449752957
0.1707946418441531
0.1707122605976872
0,2.949927180189357,0,0,4.422449423263131,0,4.599731594870989,2.822651891357997,1.856803786713637,3.436253213492266,0,0,3.974974032261659,0,2.5752769954326,2.229417013612429,0,0,3.944433744491571,2.777887986108294,0.2920797294074423,4.197968393996136,0,2.059777118008279,3.753352049368003,2.158421839479661,0,0.5151995873323251,1.887207697987355,3.978097814386965
2.949927180189357,0,0,1.460889392476119,4.663506123882533,0,1.56298188921431,0.747653688247118,4.165170253778903,0.346204815327682,0.6107567114002665,0.4560710550454011,0,3.575284625129137,1.824366296818087,0,2.29150465526182,0,0,0,0.5042910494231623,1.195170367627036,2.791311451470417,0,0,0,0,2.877583366653191,0,0
0,0,0,0,4.740511181227346,2.661310489021965,0,0,3.995170152976439,2.462602807273087,2.863216926909705,0,4.306903566102896,0,2.098779199232009,0,0,0,3.694118434131595,1.902581500870877,1.472627032714078,2.31737507706127,0,0.1063143842312247,4.657394156365547,0,1.600714561966251,0.9062561163814165,2.968623164803603,0
0,1.460889392476119,0,0,0,0,0,4.809981042318243,0,0,3.906716560497531,0,0,0,0,0,3.500468023016549,4.132336693597669,0,0,0,0,0,1.483981386924752,4.589209066046037,0,0,0.8177959694987169,0,3.307963653381159
4.422449423263131,4.663506123882533,4.740511181227346,0,0,0,0,0,0,0,0,1.181371135652648,1.29843156294253,0,4.644678326375157,1.115419725363989,1.300878270559989,0,0.4831331152168861,4.119418249323515,0,0,0.6350694680883762,0,4.738381796981683,4.530753170579529,3.312701865564094,0,0,1.871800690465193
0,0,2.661310489021965,0,0,0,4.152404583401037,1.405151385804593,0,1.53599040758346,0.2438269651898745,1.834855424581388,0,0,0,1.199772915007815,0,2.317534329380981,3.783866938433006,0,0.7503159476021881,2.97194727580726,0.3131279956915684,3.871300639726257,0,0.1892987530023477,2.5786777301186,4.975977570528076,0.7571982351607781,0
4.599731594870989,1.56298188921431,0,0,0,4.152404583401037,0,2.991327181343877,0,0.2236054105641633,0,1.741103902964176,0,0,0,0,4.945803604151095,0,1.70506521546237,0.4664481271172083,0,0.7627004775156215,0,4.421803229737392,0,2.093442260226314,0,0,0,0
2.822651891357997,0.747653688247118,0,4.809981042318243,0,1.405151385804593,2.991327181343877,0,4.067621404678428,0.1113196802800742,1.490311180725472,0,0,0,0,2.326304259858452,2.533648225309919,0.8326234793621712,0,4.790991985573598,0.748320526516742,0.56548338283817,0,1.69473662144795,0,0,0,0,0,0
1.856803786713637,4.165170253778903,3.995170152976439,0,0,0,0,4.067621404678428,0,3.083499471683946,3.388002620238668,1.133037557480776,0,0.6529462710476891,4.155550773619265,3.693838569042925,3.657353577419102,3.571947635418927,4.920223689949986,0,4.502303479756662,0,2.849157468965848,0,2.126023446712132,0,3.188670086393025,0,2.54066003662959,0
3.436253213492266,0.346204815327682,2.462602807273087,0,0,1.53599040758346,0.2236054105641633,0.1113196802800742,3.083499471683946,0,0,0.3564260556473409,0,0.9797144478956993,0,4.528358263089382,0,0.1247467299102406,0,2.965515924776246,0,0,2.800567220015033,2.41558829109267,1.542349166321504,1.717593004646145,0,0,0,0
0,0.6107567114002665,2.863216926909705,3.906716560497531,0,0.2438269651898745,0,1.490311180725472,3.388002620238668,0,0,4.912846463350236,2.063392073454983,0,2.576481181245174,0,3.898197219168017,0,0,1.887635731262967,0,1.783383363455022,1.32199461521169,0,0,0.897515335886358,0,0,0.1711966622393951,0.8303287931759429
0,0.4560710550454011,0,0,1.181371135652648,1.834855424581388,1.741103902964176,0,1.133037557480776,0.3564260556473409,4.912846463350236,0,0,0,0,4.56086171877256,4.254540042834251,0,0,4.031185426897959,0,0,0,0.5346169994897637,0.9428645287131204,0,4.533269000494214,0,0,1.849796916123613
3.974974032261659,0,4.306903566102896,0,1.29843156294253,0,0,0,0,0,2.063392073454983,0,0,1.003092065020825,1.462965359155308,2.390564044714529,0,0,0,0,3.538232018350743,4.973012799947319,0,4.338457281222126,0,0,0,0,0,1.525382766994643
0,3.575284625129137,0,0,0,0,0,0,0.6529462710476891,0.9797144478956993,0,0,1.003092065020825,0,4.353109093064464,0,2.750375322090115,2.371560415530482,1.626915660016839,2.141182554075671,0,0,0,0,0,0,2.981282079528109,4.697273895921386,0,0
2.5752769954326,1.824366296818087,2.098779199232009,0,4.644678326375157,0,0,0,4.155550773619265,0,2.576481181245174,0,1.462965359155308,4.353109093064464,0,1.598638889582358,0,0,0,3.899971388402456,0,3.212050395434749,0,0,0,0,0,0,0,0
2.229417013612429,0,0,0,1.115419725363989,1.199772915007815,0,2.326304259858452,3.693838569042925,4.528358263089382,0,4.56086171877256,2.390564044714529,0,1.598638889582358,0,3.219279158110757,1.903749855287485,2.034757205987408,1.156755135138258,0,0,2.784032997602693,0,0.309558583783282,2.761359125401744,0,0,2.757083419755777,0
0,2.29150465526182,0,3.500468023016549,1.300878270559989,0,4.945803604151095,2.533648225309919,3.657353577419102,0,3.898197219168017,4.254540042834251,0,2.750375322090115,0,3.219279158110757,0,0,2.832739398940376,0,3.208063436753838,2.783406701355775,0,0,2.227039629066279,3.683393188773845,0,0,0.6799235988743235,2.287777822492144
0,0,0,4.132336693597669,0,2.317534329380981,0,0.8326234793621712,3.571947635418927,0.1247467299102406,0,0,0,2.371560415530482,0,1.903749855287485,0,0,4.286663315274947,0,0,0,2.706863309310583,2.742250219421885,3.804728075061377,2.340500602978668,0,3.873828712027747,1.407890754251564,0
3.944433744491571,0,3.694118434131595,0,0.4831331152168861,3.783866938433006,1.70506521546237,0,4.920223689949986,0,0,0,0,1.626915660016839,0,2.034757205987408,2.832739398940376,4.286663315274947,0,0,0,4.255827632836321,0,2.740499548310904,4.579296221744126,0,0,3.629215514348186,2.195705831846115,0
2.777887986108294,0,1.902581500870877,0,4.119418249323515,0,0.4664481271172083,4.790991985573598,0,2.965515924776246,1.887635731262967,4.031185426897959,0,2.141182554075671,3.899971388402456,1.156755135138258,0,0,0,0,0.3371926460528751,0,3.97899791735339,3.585514578448607,1.969329904426156,0,2.406385611001669,0,0,0.2424581621104527
0.2920797294074423,0.5042910494231623,1.472627032714078,0,0,0.7503159476021881,0,0.748320526516742,4.502303479756662,0,0,0,3.538232018350743,0,0,0,3.208063436753838,0,0,0.3371926460528751,0,0,1.886027671182849,0,0,0,0,4.413978149343959,2.200252851442562,0.161754607873642
4.197968393996136,1.195170367627036,2.31737507706127,0,0,2.97194727580726,0.7627004775156215,0.56548338283817,0,0,1.783383363455022,0,4.973012799947319,0,3.212050395434749,0,2.783406701355775,0,4.255827632836321,0,0,0,0,0,0,1.741467752940166,0,0,4.410898902775028,3.401017140549946
0,2.791311451470417,0,0,0.6350694680883762,0.3131279956915684,0,0,2.849157468965848,2.800567220015033,1.32199461521169,0,0,0,0,2.784032997602693,0,2.706863309310583,0,3.97899791735339,1.886027671182849,0,0,4.107043160975536,1.950501451425219,0,0.1401766970097451,0,2.109791012208365,0
2.059777118008279,0,0.1063143842312247,1.483981386924752,0,3.871300639726257,4.421803229737392,1.69473662144795,0,2.41558829109267,0,0.5346169994897637,4.338457281222126,0,0,0,0,2.742250219421885,2.740499548310904,3.585514578448607,0,0,4.107043160975536,0,3.512459755961983,4.869347124705595,0,0,0,0
3.753352049368003,0,4.657394156365547,4.589209066046037,4.738381796981683,0,0,0,2.126023446712132,1.542349166321504,0,0.9428645287131204,0,0,0,0.309558583783282,2.227039629066279,3.804728075061377,4.579296221744126,1.969329904426156,0,0,1.950501451425219,3.512459755961983,0,0,2.912549462527059,0,4.121090341144477,0
2.158421839479661,0,0,0,4.530753170579529,0.1892987530023477,2.093442260226314,0,0,1.717593004646145,0.897515335886358,0,0,0,0,2.761359125401744,3.683393188773845,2.340500602978668,0,0,0,1.741467752940166,0,4.869347124705595,0,0,0,0.4658194924162923,0,0
0,0,1.600714561966251,0,3.312701865564094,2.5786777301186,0,0,3.188670086393025,0,0,4.533269000494214,0,2.981282079528109,0,0,0,0,0,2.406385611001669,0,0,0.1401766970097451,0,2.912549462527059,0,0,4.981926722145936,0,0
0.5151995873323251,2.877583366653191,0.9062561163814165,0.8177959694987169,0,4.975977570528076,0,0,0,0,0,0,0,4.697273895921386,0,0,0,3.873828712027747,3.629215514348186,0,4.413978149343959,0,0,0,0,0.4658194924162923,4.981926722145936,0,0.7787476806556815,3.468266681845115
1.887207697987355,0,2.968623164803603,0,0,0.7571982351607781,0,0,2.54066003662959,0,0.1711966622393951,0,0,0,0,2.757083419755777,0.6799235988743235,1.407890754251564,2.195705831846115,0,2.200252851442562,4.410898902775028,2.109791012208365,0,4.121090341144477,0,0,0.7787476806556815,0,0
3.978097814386965,0,0,3.307963653381159,1.871800690465193,0,0,0,0,0,0.8303287931759429,1.849796916123613,1.525382766994643,0,0,0,2.287777822492144,0,0,0.2424581621104527,0.161754607873642,3.401017140549946,0,0,0,0,0,3.468266681845115,0,0
0,0,3.794612796826225,4.139418537382481,0,0.02746960802736509,0,0,0,0,3.827178953687719,4.0147391106336,0,2.100720802199803,0,0,2.644691234377119,0.03447074949390561,0,0,0,0,3.707970284903356,0,0,0,3.050742751669793,0,0,0
0,0,4.24895049326387,0,0,4.459228469131396,0,0,0,0,0,0,1.711714543436537,0,0,4.525927340916597,0,2.85976922748956,3.731844719739341,0.09583332720139892,0,0,0,2.106369652708413,1.344744397893257,2.216604466878505,0.9917529163803968,0,1.776383400890332,0.2435874000209221
3.794612796826225,4.24895049326387,0,3.775592185651167,0,0,1.700176205716654,4.682715184862111,0,0,0,3.708456842931911,0,0.5110287799596286,0,4.86577197419567,3.612850367730834,3.368104351563788,0,0,0,0,1.925379393836167,0,0,4.376492151841116,0,0,0,0.8623514070422217
4.139418537382481,0,3.775592185651167,0,1.399043661358193,0.8602405593747603,4.192441150704741,0,3.530389183788688,1.299159298354805,0,0.7695725785645707,3.339386613394349,3.733837242362175,3.160408553665641,4.881761379601828,0,0,4.143652534439476,4.990841356423338,1.537458093168098,4.927283101643079,1.741862793596494,0,0,1.171389275764267,1.647027334939716,0,4.091601613689235,0
0,0,0,1.399043661358193,0,0.6578009157806947,1.994455986135784,1.853029723167626,3.169069891502271,4.714288016386909,0.8976111752668853,0,0,3.207851787741242,0,0,0,0.4110419600971243,0,0,1.029663820781488,3.28114247557531,0,3.360608536266498,0,0,0,0.4706422852788295,4.48611872413279,0
0.02746960802736509,4.459228469131396,0,0.8602405593747603,0.6578009157806947,0,0,0,3.094834402713522,0,0,0,2.848577034722189,1.203565167705977,3.063362742642207,0,3.814934081117746,0,0,4.015588454468061,0,0,0,0,0.6025157749637194,0,0,0,0,3.705867318136319
0,0,1.700176205716654,4.192441150704741,1.994455986135784,0,0,0,1.672067444114388,0,4.495619307119803,0,0.6215713631112818,0.1679658228723724,1.597084996819479,1.49413861599335,0,2.816582584001561,0,0,0.9502247858659213,0,0.2318815069116248,0,3.908244311345411,0,0.5277742462854779,1.052133696591316,2.906148322182931,0.1054989243942911
0,0,4.682715184862111,0,1.853029723167626,0,0,0,0,0,0,0.6819771969885124,0.05446386779692614,2.455706210358554,3.189603745858947,0,0,0,1.672836301591622,0,0,0,3.962812596770533,0,4.19201304378088,0.08286105104464037,1.426017421663313,1.741329753764584,4.482441136192654,3.355515937900777
0,0,0,3.530389183788688,3.169069891502271,3.094834402713522,1.672067444114388,0,0,0,0,0,3.842170163070841,0,0,0,0,0,0,1.347716026824105,0,0.2814993063847165,0,2.020673129750272,0,1.611915404916995,0,2.462107007808032,0,0.260752546577892
0,0,0,1.299159298354805,4.714288016386909,0,0,0,0,0,2.349743525646204,0,0.4717667405275555,0,3.708042803213955,0,3.221031556806791,0,4.945959793027312,0,2.35299479863508,2.507719381634848,0,0,0,0,2.581013316989259,3.260407628576658,1.590934422573478,3.833840304603335
3.827178953687719,0,0,0,0.8976111752668853,0,4.495619307119803,0,0,2.349743525646204,0,0,0,2.426294049114426,0,2.065760334079418,0,3.962284302488136,3.342874451324719,0,2.657166340610038,0,0,0.6584187539589453,3.628474432248842,0,0.2321298730889615,1.788029757444436,0,0
4.0147391106336,0,3.708456842931911,0.7695725785645707,0,0,0,0.6819771969885124,0,0,0,0,2.077426006412793,2.990026297798453,3.668684544448872,0,0,0.08183227854962616,2.269956967330645,0,4.968674211188509,0.8174897349461813,0.1375555593022126,0,0,2.70741294211657,0,4.739748420877193,2.075086804420947,0
0,1.711714543436537,0,3.339386613394349,0,2.848577034722189,0.6215713631112818,0.05446386779692614,3.842170163070841,0.4717667405275555,0,2.077426006412793,0,0,0,0,4.181148680805576,1.474225153447067,4.403028297287261,0.8977326822221177,0,0,2.690755067972037,0,4.872688148279654,3.275479891840706,1.278144791468212,2.851766696181275,2.625479204046138,0
2.100720802199803,0,0.5110287799596286,3.733837242362175,3.207851787741242,1.203565167705977,0.1679658228723724,2.455706210358554,0,0,2.426294049114426,2.990026297798453,0,0,0,4.134376114188109,0,0,0,0,3.838082933016376,0.5431179333519071,1.625492414161612,1.109345656619571,3.28164041588417,4.420552190787658,0,0,1.358990385889832,0.0578651811311176
0,0,0,3.160408553665641,0,3.063362742642207,1.597084996819479,3.189603745858947,0,3.708042803213955,0,3.668684544448872,0,0,0,0,2.619753976601636,4.189084625392128,1.426167727632578,0,0.3530821155722785,0,2.650448874770713,3.651026642263241,1.444833914837067,3.007397197661514,4.905319271510125,0.7854938907641246,0.2976856001794537,2.025080678961299
0,4.525927340916597,4.86577197419567,4.881761379601828,0,0,1.49413861599335,0,0,0,2.065760334079418,0,0,4.134376114188109,0,0,0,0,0,0,4.397000175002324,2.24988487336962,0,3.13377110909878,0,0,1.592022484183928,4.088230382565202,0,3.93918304096476
2.644691234377119,0,3.612850367730834,0,0,3.814934081117746,0,0,0,3.221031556806791,0,0,4.181148680805576,0,2.619753976601636,0,0,1.103166626259716,0,1.690031469218583,0,0,2.072509627088657,2.220692607393331,0,0,2.665451634807336,4.211397992804413,0,0
0.03447074949390561,2.85976922748956,3.368104351563788,0,0.4110419600971243,0,2.816582584001561,0,0,0,3.962284302488136,0.08183227854962616,1.474225153447067,0,4.189084625392128,0,1.103166626259716,0,0,0.9855916640266488,1.912027293973712,3.265621468434514,0,0,0,0,0.4266718839456862,0,0,2.03619296229513
0,3.731844719739341,0,4.143652534439476,0,0,0,1.672836301591622,0,4.945959793027312,3.342874451324719,2.269956967330645,4.403028297287261,0,1.426167727632578,0,0,0,0,1.429745224937393,1.412790751486115,0,0.1212182327972378,0,0,3.927455877957176,3.81018795029144,0,0,4.277918412548253
0,0.09583332720139892,0,4.990841356423338,0,4.015588454468061,0,0,1.347716026824105,0,0,0,0.8977326822221177,0,0,0,1.690031469218583,0.9855916640266488,1.429745224937393,0,0,4.009334913995003,0,0,0,2.649876358981893,0,2.01241485412567,0.8263382322071938,0
0,0,0,1.537458093168098,1.029663820781488,0,0.9502247858659213,0,0,2.35299479863508,2.657166340610038,4.968674211188509,0,3.838082933016376,0.3530821155722785,4.397000175002324,0,1.912027293973712,1.412790751486115,0,0,3.44362789177564,0,3.911120684106122,3.478741646981143,2.025787600951421,0.9792861863757713,0,0,0
0,0,0,4.927283101643079,3.28114247557531,0,0,0,0.2814993063847165,2.507719381634848,0,0.8174897349461813,0,0.5431179333519071,0,2.24988487336962,0,3.265621468434514,0,4.009334913995003,3.44362789177564,0,1.767448681692811,0.008773768221757017,3.303703133631802,0,0.5354599940777655,0.1764636429629851,0,0
3.707970284903356,0,1.925379393836167,1.741862793596494,0,0,0.2318815069116248,3.962812596770533,0,0,0,0.1375555593022126,2.690755067972037,1.625492414161612,2.650448874770713,0,2.072509627088657,0,0.1212182327972378,0,0,1.767448681692811,0,0,0,4.17627305105818,0,1.430744685916773,0,3.282050602035631
0,2.106369652708413,0,0,3.360608536266498,0,0,0,2.020673129750272,0,0.6584187539589453,0,0,1.109345656619571,3.651026642263241,3.13377110909878,2.220692607393331,0,0,0,3.911120684106122,0.008773768221757017,0,0,0,0,3.098865612797221,0.2753459993256746,1.533077314917371,3.11457277499296
0,1.344744397893257,0,0,0,0.6025157749637194,3.908244311345411,4.19201304378088,0,0,3.628474432248842,0,4.872688148279654,3.28164041588417,1.444833914837067,0,0,0,0,0,3.478741646981143,3.303703133631802,0,0,0,2.902016727207274,0,0.9263018404766954,0,2.34817831094252
0,2.216604466878505,4.376492151841116,1.171389275764267,0,0,0,0.08286105104464037,1.611915404916995,0,0,2.70741294211657,3.275479891840706,4.420552190787658,3.007397197661514,0,0,0,3.927455877957176,2.649876358981893,2.025787600951421,0,4.17627305105818,0,2.902016727207274,0,0.3627825573869586,0,2.092862271397393,0.9442249235659927
3.050742751669793,0.9917529163803968,0,1.647027334939716,0,0,0.5277742462854779,1.426017421663313,0,2.581013316989259,0.2321298730889615,0,1.278144791468212,0,4.905319271510125,1.592022484183928,2.665451634807336,0.4266718839456862,3.81018795029144,0,0.9792861863757713,0.5354599940777655,0,3.098865612797221,0,0.3627825573869586,0,0,1.819078976056879,1.508763880586934
0,0,0,0,0.4706422852788295,0,1.052133696591316,1.741329753764584,2.462107007808032,3.260407628576658,1.788029757444436,4.739748420877193,2.851766696181275,0,0.7854938907641246,4.088230382565202,4.211397992804413,0,0,2.01241485412567,0,0.1764636429629851,1.430744685916773,0.2753459993256746,0.9263018404766954,0,0,0,0,0
0,1.776383400890332,0,4.091601613689235,4.48611872413279,0,2.906148322182931,4.482441136192654,0,1.590934422573478,0,2.075086804420947,2.625479204046138,1.358990385889832,0.2976856001794537,0,0,0,0,0.8263382322071938,0,0,0,1.533077314917371,0,2.092862271397393,1.819078976056879,0,0,3.181816849412376
0,0.2435874000209221,0.8623514070422217,0,0,3.705867318136319,0.1054989243942911,3.355515937900777,0.260752546577892,3.833840304603335,0,0,0,0.0578651811311176,2.025080678961299,3.93918304096476,0,2.03619296229513,4.277918412548253,0,0,0,3.282050602035631,3.11457277499296,2.34817831094252,0.9442249235659927,1.508763880586934,0,3.181816849412376,0
0,0,1.069856468497962,0.223115072884339,0,0.8143395700667633,0,0,0,0,3.956694797856198,4.550983108173459,0,1.228602949904012,0,0,3.344218653461478,0.3146682683925017,0,0,0,0,4.67818700758898,0,0,0,2.181170865041038,0,0,0
0,0,2.561412629482632,0,0,2.104124201429161,0,0,0,0,0,0,2.831524430362424,0,0,1.322644194176231,0,2.010543219289747,4.007178051974222,2.213046915937019,0,0,0,1.927498330502708,0.968109913286278,0.5860271507735682,1.969631576153909,0,4.316744656641714,4.894224568848545
1.069856468497962,2.561412629482632,0,2.630555862559966,0,0,3.319478224606331,4.031046409771844,0,0,0,0.3830278147530547,0,2.902324018568318,0,1.398252182481336,0.01300594138009259,0.6972954896122441,0,0,0,0,4.716171032044808,0,0,1.890497558327386,0,0,0,4.66500783324293
0.223115072884339,0,2.630555862559966,0,3.900435216298798,0.8504908266459937,1.736985739665243,0,4.788463765770957,1.770192130688262,0,2.626268420797778,1.432945736495478,3.476657034871014,3.410737232868556,1.656022137925082,0,0,2.424763813742224,4.512370941498643,2.056182266854671,3.493855069344285,1.045667411191059,0,0,2.486763200705108,0.006720307670152192,0,0.4267099033244676,0
0,0,0,3.900435216298798,0,2.198098057732363,1.244418447565352,3.193939426684858,4.648346740371724,3.706031977749669,0.174656358839867,0,0,4.145316834648723,0,0,0,2.99063656663273,0,0,4.900927290187919,1.423468164544892,0,0.5689490372553208,0,0,0,3.426578109644089,4.411682809628309,0
0.8143395700667633,2.104124201429161,0,0.8504908266459937,2.198098057732363,0,0,0,2.048935436185305,0,0,0,3.893882388617763,1.154549180091504,1.718962106448538,0,1.896935513416983,0,0,4.383184301643563,0,0,0,0,3.596266996481753,0,0,0,0,0.4382186114764286
0,0,3.319478224606331,1.736985739665243,1.244418447565352,0,0,0,2.215164695814583,0,3.878419498387188,0,0.9636915483530017,3.078119484645324,4.240649168543646,2.047812893955548,0,0.9394930930472511,0,0,0.8231023196677867,0,0.1466349479481743,0,1.209578940058244,0,2.656446360535634,2.35573115138229,0.3530196362592647,2.561367762977078
0,0,4.031046409771844,0,3.193939426684858,0,0,0,0,0,0,4.072902028241297,4.098702018882995,2.017302027946704,3.625298775319865,0,0,0,1.525270105825532,0,0,0,2.935343905340066,0,3.147620264255506,2.373550018064905,0.6635183098812902,2.992437809662802,2.137139789232541,4.699191271688567
0,0,0,4.788463765770957,4.648346740371724,2.048935436185305,2.215164695814583,0,0,0,0,0,2.666563213533402,0,0,0,0,0,0,2.160017954624862,0,3.200281266880775,0,1.099206593762922,0,2.987183950338753,0,3.086943819773722,0,2.185412405584466
0,0,0,1.770192130688262,3.706031977749669,0,0,0,0,0,3.955852629403951,0,2.747839380934074,0,3.311076802237688,0,1.179384503250457,0,3.616818484527104,0,3.370608395045316,0.5136583812551165,0,0,0,0,3.983334434619438,3.006730471274143,4.778018267170581,3.073145971620658
3.956694797856198,0,0,0,0.174656358839867,0,3.878419498387188,0,0,3.955852629403951,0,0,0,3.059360883993076,0,2.010877862227222,0,4.189502245477205,2.108864044740648,0,0.1257775457751237,0,0,4.015420016049652,4.232647016428287,0,2.617980359606153,0.1266188905562787,0,0
4.550983108173459,0,0.3830278147530547,2.626268420797778,0,0,0,4.072902028241297,0,0,0,0,3.7716669219809,2.250098659409842,4.081226386365763,0,0,0.645885783011117,4.919645229853743,0,2.127861338363655,1.619810264064884,3.068586292100638,0,0,2.607034609026475,0,2.726209650947642,1.903239903944767,0
0,2.831524430362424,0,1.432945736495478,0,3.893882388617763,0.9636915483530017,4.098702018882995,2.666563213533402,2.747839380934074,0,3.7716669219809,0,0,0,0,1.449878412754689,4.749544231792584,3.095404283378973,1.416700676573215,0,0,1.357569978124464,0,1.427424086152502,2.31528912835712,4.559500457986187,2.419124415919432,2.233951223572885,0
1.228602949904012,0,2.902324018568318,3.476657034871014,4.145316834648723,1.154549180091504,3.078119484645324,2.017302027946704,0,0,3.059360883993076,2.250098659409842,0,0,0,4.730346619886785,0,0,0,0,4.635926012694976,4.170746709692631,1.336424360486032,3.740904495863781,1.639530259723939,1.226565169694843,0,0,3.768686656993909,4.646176009504642
0,0,0,3.410737232868556,0,1.718962106448538,4.240649168543646,3.625298775319865,0,3.311076802237688,0,4.081226386365763,0,0,0,0,3.039002304467886,1.214884420719588,0.04725242467583213,0,3.286092875501812,0,3.691257635067566,3.973567034429646,0.7152857557622688,2.324860238295538,0.334819828619245,3.128016801614868,4.598812235942584,0.2854097918256232
0,1.322644194176231,1.398252182481336,1.656022137925082,0,0,2.047812893955548,0,0,0,2.010877862227222,0,0,4.730346619886785,0,0,0,0,0,0,3.862440092547939,4.166202043317471,0,2.999318049568244,0,0,2.469290876532446,2.119477353432454,0,1.207161111641367
3.344218653461478,0,0.01300594138009259,0,0,1.896935513416983,0,0,0,1.179384503250457,0,0,1.449878412754689,0,3.039002304467886,0,0,0.8131852723609662,0,4.949617534683913,0,0,0.4183220303055107,1.627912547356663,0,0,1.031615901749781,3.939854348248971,0,0
0.3146682683925017,2.010543219289747,0.6972954896122441,0,2.99063656663273,0,0.9394930930472511,0,0,0,4.189502245477205,0.645885783011117,4.749544231792584,0,1.214884420719588,0,0.8131852723609662,0,0,0.7176054528065451,0.9503999088561932,0.3098079782433272,0,0,0,0,2.485703796623583,0,0,4.601519300622673
0,4.007178051974222,0,2.424763813742224,0,0,0,1.525270105825532,0,3.616818484527104,2.108864044740648,4.919645229853743,3.095404283378973,0,0.04725242467583213,0,0,0,0,0.4865657880198476,4.269965062845777,0,3.645436525520259,0,0,0.9150268961926394,4.671623897199017,0,0,4.559646774615041
0,2.213046915937019,0,4.512370941498643,0,4.383184301643563,0,0,2.160017954624862,0,0,0,1.416700676573215,0,0,0,4.949617534683913,0.7176054528065451,0.4865657880198476,0,0,2.317094773506401,0,0,0,4.736782256913711,0,0.7704551688626704,0.3973707843388441,0
0,0,0,2.056182266854671,4.900927290187919,0,0.8231023196677867,0,0,3.370608395045316,0.1257775457751237,2.127861338363655,0,4.635926012694976,3.286092875501812,3.862440092547939,0,0.9503999088561932,4.269965062845777,0,0,2.980109459721513,0,0.0581852922593612,3.474497029034083,0.653059510004787,1.493557342228538,0,0,0
0,0,0,3.493855069344285,1.423468164544892,0,0,0,3.200281266880775,0.5136583812551165,0,1.619810264064884,0,4.170746709692631,0,4.166202043317471,0,0.3098079782433272,0,2.317094773506401,2.980109459721513,0,3.205302074290168,0.4811076905333173,4.231211737981064,0,1.262495280967854,3.913032954202579,0,0
4.67818700758898,0,4.716171032044808,1.045667411191059,0,0,0.1466349479481743,2.935343905340066,0,0,0,3.068586292100638,1.357569978124464,1.336424360486032,3.691257635067566,0,0.4183220303055107,0,3.645436525520259,0,0,3.205302074290168,0,0,0,4.451083356266524,0,0.1539538898485732,0,4.812367721275425
0,1.927498330502708,0,0,0.5689490372553208,0,0,0,1.099206593762922,0,4.015420016049652,0,0,3.740904495863781,3.973567034429646,2.999318049568244,1.627912547356663,0,0,0,0.0581852922593612,0.4811076905333173,0,0,0,0,4.397234206800736,4.692809574048995,0.5785944425537937,4.21046394436614
0,0.968109913286278,0,0,0,3.596266996481753,1.209578940058244,3.147620264255506,0,0,4.232647016428287,0,1.427424086152502,1.639530259723939,0.7152857557622688,0,0,0,0,0,3.474497029034083,4.231211737981064,0,0,0,4.972612115652698,0,2.679822208540425,0,1.851593628318415
0,0.5860271507735682,1.890497558327386,2.486763200705108,0,0,0,2.373550018064905,2.987183950338753,0,0,2.607034609026475,2.31528912835712,1.226565169694843,2.324860238295538,0,0,0,0.9150268961926394,4.736782256913711,0.653059510004787,0,4.451083356266524,0,4.972612115652698,0,3.177176264551564,0,2.633512770624812,2.03239798821744
2.181170865041038,1.969631576153909,0,0.006720307670152192,0,0,2.656446360535634,0.6635183098812902,0,3.983334434619438,2.617980359606153,0,4.559500457986187,0,0.334819828619245,2.469290876532446,1.031615901749781,2.485703796623583,4.671623897199017,0,1.493557342228538,1.262495280967854,0,4.397234206800736,0,3.177176264551564,0,0,3.914482863093725,1.480558567629162
0,0,0,0,3.426578109644089,0,2.35573115138229,2.992437809662802,3.086943819773722,3.006730471274143,0.1266188905562787,2.726209650947642,2.419124415919432,0,3.128016801614868,2.119477353432454,3.939854348248971,0,0,0.7704551688626704,0,3.913032954202579,0.1539538898485732,4.692809574048995,2.679822208540425,0,0,0,0,0
0,4.316744656641714,0,0.4267099033244676,4.411682809628309,0,0.3530196362592647,2.137139789232541,0,4.778018267170581,0,1.903239903944767,2.233951223572885,3.768686656993909,4.598812235942584,0,0,0,0,0.3973707843388441,0,0,0,0.5785944425537937,0,2.633512770624812,3.914482863093725,0,0,2.909025838937774
0,4.894224568848545,4.66500783324293,0,0,0.4382186114764286,2.561367762977078,4.699191271688567,2.185412405584466,3.073145971620658,0,0,0,4.646176009504642,0.2854097918256232,1.207161111641367,0,4.601519300622673,4.559646774615041,0,0,0,4.812367721275425,4.21046394436614,1.851593628318415,2.03239798821744,1.480558567629162,0,2.909025838937774,0
0,0,4.830836344184703,3.954128170842315,0,1.311630262745755,0,0,0,0,1.232804302780948,4.560618476366552,0,2.40061005007523,0,0,2.416687937094056,4.600124838972198,0,0,0,0,1.626550073027703,0,0,0,0.4053427894951789,0,0,0
0,0,4.275167042186668,0,0,2.000906720068123,0,0,0,0,0,0,3.272561855430972,0,0,4.749129404632781,0,4.673505847079101,1.683624893540846,4.535877155273371,0,0,0,1.903318895898634,0.320743947822375,1.899706103647219,1.701211303190948,0,1.720074905585898,3.161629319265802
4.830836344184703,4.275167042186668,0,4.250554989653506,0,0,3.636805325142582,4.845424635567108,0,0,0,3.935832330228886,0,4.817441402859155,0,2.656964825198017,1.028068636713432,1.894134419736479,0,0,0,0,0.8350059921224895,0,0,4.42255759771486,0,0,0,0.281083846167578
3.954128170842315,0,4.250554989653506,0,4.814206080187918,3.381713969065172,3.747049398934956,0,4.699384689055338,0.9336906803662265,0,1.416198938728401,0.7122078137550353,3.386586253207217,4.041084114533263,3.118546170675088,0,0,3.298846319764317,0.07377749176015969,4.081700992706654,0.4496590634981146,3.401827571759108,0,0,3.952907754654735,2.90322025112865,0,1.164180465820219,0
0,0,0,4.814206080187918,0,4.68597787761957,4.676661904573313,4.448395432866734,0.3143812794659917,3.505394335028011,3.85663356930819,0,0,1.943810968082633,0,0,0,0.1459308919968416,0,0,2.188871400666437,3.222831123676444,0,4.801137464087481,0,0,0,2.062202410826695,1.675862128684346,0
1.311630262745755,2.000906720068123,0,3.381713969065172,4.68597787761957,0,0,0,1.292142226483223,0,0,0,2.951207745338813,0.05994191099749913,3.451694457320409,0,3.429781378319117,0,0,0.4373703377202065,0,0,0,0,0.8092705187465377,0,0,0,0,2.352128542408239
0,0,3.636805325142582,3.747049398934956,4.676661904573313,0,0,0,0.4956902835974414,0,4.187251177910452,0,2.44309769727617,0.560924328787798,2.468234107143372,2.930448531374371,0,1.077478143743051,0,0,2.5351572151262,0,2.872222456479656,0,2.917981511346563,0,3.105958286478277,0.2495692077467548,1.871231557301795,2.037760726190263
0,0,4.845424635567108,0,4.448395432866734,0,0,0,0,0,0,4.305441774641406,0.1713382707832845,4.387200488919127,4.473238061931276,0,0,0,4.094392763809843,0,0,0,0.3959581046297939,0,4.327453249063801,4.720592848838906,0.0006627177272278129,3.656958527264189,0.8792301668294,2.425773455907075
0,0,0,4.699384689055338,0.3143812794659917,1.292142226483223,0.4956902835974414,0,0,0,0,0,0.3419010820962426,0,0,0,0,0,0,4.652561711714694,0,4.446323148972303,0,4.332482928025118,0,1.053235766587742,0,1.59726555630971,0,1.093648199752485
0,0,0,0.9336906803662265,3.505394335028011,0,0,0,0,0,2.093844773530391,0,4.577625632850141,0,0.535441997798749,0,3.102868179182207,0,1.984723656454114,0,3.785897786897057,1.821799550227428,0,0,0,0,2.882977838876392,3.988971638948781,0.1447985889534775,4.662164413057101
1.232804302780948,0,0,0,3.85663356930819,0,4.187251177910452,0,0,2.093844773530391,0,0,0,0.05610227221648667,0,4.763434626080707,0,3.436791997018482,3.513835868044946,0,1.241776237739921,0,0,1.522015299650556,2.769000370079334,0,1.163518146485341,4.168898046056815,0,0
4.560618476366552,0,3.935832330228886,1.416198938728401,0,0,0,4.305441774641406,0,0,0,0,3.466567487012049,0.8127509024038032,2.667400304279067,0,0,2.965873525846042,1.299807083807903,0,2.165764956629668,4.045061246348907,2.118059816618783,0,0,4.709082878970285,0,1.526593924762929,0.5228977961181647,0
0,3.272561855430972,0,0.7122078137550353,0,2.951207745338813,2.44309769727617,0.1713382707832845,0.3419010820962426,4.577625632850141,0,3.466567487012049,0,0,0,0,4.790375017166244,0.8670993338832089,4.469703807562585,0.6792741750092463,0,0,1.891284902254111,0,4.745405004754113,2.786585238575184,2.785580697403983,3.22494876517267,3.191809874483424,0
2.40061005007523,0,4.817441402859155,3.386586253207217,1.943810968082633,0.05994191099749913,0.560924328787798,4.387200488919127,0,0,0.05610227221648667,0.8127509024038032,0,0,0,3.153019560668433,0,0,0,0,3.784770247435553,0.7590750639443311,3.946498758056767,1.290769516468047,2.377499315839235,4.791009534792282,0,0,3.29165962346632,3.467087702682241
0,0,0,4.041084114533263,0,3.451694457320409,2.468234107143372,4.473238061931276,0,0.535441997798749,0,2.667400304279067,0,0,0,0,3.801574687557027,0.09742027972487965,1.464748576842151,0,2.598297180153797,0,1.372842272810217,2.867848109557114,1.540665615658208,4.077103216658916,0.9762873252331961,4.629166618904414,0.8586226266366204,3.151684974628909
0,4.749129404632781,2.656964825198017,3.118546170675088,0,0,2.930448531374371,0,0,0,4.763434626080707,0,0,3.153019560668433,0,0,0,0,0,0,0.1791644628698447,3.383372924016316,0,1.053180745944914,0,0,3.143343208498222,4.08988266724776,0,3.479877737767845
2.416687937094056,0,1.028068636713432,0,0,3.429781378319117,0,0,0,3.102868179182207,0,0,4.790375017166244,0,3.801574687557027,0,0,1.998200250465186,0,0.7417962518070342,0,0,2.935533603230878,2.829618448219874,0,0,0.784836226295984,2.681856040514324,0,0
4.600124838972198,4.673505847079101,1.894134419736479,0,0.1459308919968416,0,1.077478143743051,0,0,0,3.436791997018482,2.965873525846042,0.8670993338832089,0,0.09742027972487965,0,1.998200250465186,0,0,3.836899754121154,4.961956668902268,0.7652039476991301,0,0,0,0,3.884493790316284,0,0,1.784496540994496
0,1.683624893540846,0,3.298846319764317,0,0,0,4.094392763809843,0,1.984723656454114,3.513835868044946,1.299807083807903,4.469703807562585,0,1.464748576842151,0,0,0,0,4.156092098289627,4.506639907621357,0,2.331598654619863,0,0,0.7044292382486655,3.975899791108172,0,0,1.756651508610761
0,4.535877155273371,0,0.07377749176015969,0,0.4373703377202065,0,0,4.652561711714694,0,0,0,0.6792741750092463,0,0,0,0.7417962518070342,3.836899754121154,4.156092098289627,0,0,4.262113145321985,0,0,0,1.583403836264216,0,2.80583939074354,2.544472896452542,0
0,0,0,4.081700992706654,2.188871400666437,0,2.5351572151262,0,0,3.785897786897057,1.241776237739921,2.165764956629668,0,3.784770247435553,2.598297180153797,0.1791644628698447,0,4.961956668902268,4.506639907621357,0,0,1.073698953831652,0,1.108530738249103,4.266808939291727,0.7977820223112919,4.878575530968861,0,0,0
0,0,0,0.4496590634981146,3.222831123676444,0,0,0,4.446323148972303,1.821799550227428,0,4.045061246348907,0,0.7590750639443311,0,3.383372924016316,0,0.7652039476991301,0,4.262113145321985,1.073698953831652,0,3.857945227093682,2.108375124865579,0.4357179792666982,0,2.194653414040477,0.009019926264229872,0,0
1.626550073027703,0,0.8350059921224895,3.401827571759108,0,0,2.872222456479656,0.3959581046297939,0,0,0,2.118059816618783,1.891284902254111,3.946498758056767,1.372842272810217,0,2.935533603230878,0,2.331598654619863,0,0,3.857945227093682,0,0,0,4.662944986762154,0,1.422254630367931,0,1.978800175875822
0,1.903318895898634,0,0,4.801137464087481,0,0,0,4.332482928025118,0,1.522015299650556,0,0,1.290769516468047,2.867848109557114,1.053180745944914,2.829618448219874,0,0,0,1.108530738249103,2.108375124865579,0,0,0,0,1.535570629141724,0.2898069637845552,4.777741829491215,1.890209987429469
0,0.320743947822375,0,0,0,0.8092705187465377,2.917981511346563,4.327453249063801,0,0,2.769000370079334,0,4.745405004754113,2.377499315839235,1.540665615658208,0,0,0,0,0,4.266808939291727,0.4357179792666982,0,0,0,0.8293370672301192,0,2.86848174301669,0,0.3781834251115151
0,1.899706103647219,4.42255759771486,3.952907754654735,0,0,0,4.720592848838906,1.053235766587742,0,0,4.709082878970285,2.786585238575184,4.791009534792282,4.077103216658916,0,0,0,0.7044292382486655,1.583403836264216,0.7977820223112919,0,4.662944986762154,0,0.8293370672301192,0,4.043108597121462,0,3.45471797755113,3.469773402595147
0.4053427894951789,1.701211303190948,0,2.90322025112865,0,0,3.105958286478277,0.0006627177272278129,0,2.882977838876392,1.163518146485341,0,2.785580697403983,0,0.9762873252331961,3.143343208498222,0.784836226295984,3.884493790316284,3.975899791108172,0,4.878575530968861,2.194653414040477,0,1.535570629141724,0,4.043108597121462,0,0,1.641617596566474,1.126027147019815
0,0,0,0,2.062202410826695,0,0.2495692077467548,3.656958527264189,1.59726555630971,3.988971638948781,4.168898046056815,1.526593924762929,3.22494876517267,0,4.629166618904414,4.08988266724776,2.681856040514324,0,0,2.80583939074354,0,0.009019926264229872,1.422254630367931,0.2898069637845552,2.86848174301669,0,0,0,0,0
0,1.720074905585898,0,1.164180465820219,1.675862128684346,0,1.871231557301795,0.8792301668294,0,0.1447985889534775,0,0.5228977961181647,3.191809874483424,3.29165962346632,0.8586226266366204,0,0,0,0,2.544472896452542,0,0,0,4.777741829491215,0,3.45471797755113,1.641617596566474,0,0,4.873667583891889
0,3.161629319265802,0.281083846167578,0,0,2.352128542408239,2.037760726190263,2.425773455907075,1.093648199752485,4.662164413057101,0,0,0,3.467087702682241,3.151684974628909,3.479877737767845,0,1.784496540994496,1.756651508610761,0,0,0,1.978800175875822,1.890209987429469,0.3781834251115151,3.469773402595147,1.126027147019815,0,4.873667583891889,0
0,0,2.421944862116163,0.2557533054484856,0,0.194349151813164,0,0,0,0,0.9990332556366249,3.147680886652313,0,3.344862115663996,0,0,1.663435024729537,4.530818472322434,0,0,0,0,3.729957219772004,0,0,0,1.419786190093779,0,0,0
0,0,2.327207733797633,0,0,2.769670589844457,0,0,0,0,0,0,3.262505768883695,0,0,3.693644896653076,0,1.802671157996848,2.820465030473563,0.2233481193663461,0,0,0,1.40364181435688,2.126871586882762,3.82416442561226,1.78238884966615,0,2.284406907102362,0.3631690612605332
2.421944862116163,2.327207733797633,0,4.08015462409819,0,0,1.11506800277361,2.6211746110183,0,0,0,0.9674749749052547,0,4.224363245700991,0,4.653463288084883,1.301845943366595,3.391814705878242,0,0,0,0,4.625020295860797,0,0,2.673869350740782,0,0,0,1.00862070871438
0.2557533054484856,0,4.08015462409819,0,3.441224183264026,2.847972154533345,4.697064163689318,0,4.168787674368443,1.753283670542989,0,3.574330572544755,1.229376176342018,1.41199913875741,1.398310690918117,2.635303592530027,0,0,2.28200540956754,3.9025746439474,1.841273737156084,2.353687632404481,1.777118964740492,0,0,1.901163089629659,0.8591903448199506,0,1.230230162413586,0
0,0,0,3.441224183264026,0,2.851119302867387,2.244509507173432,2.414711668779343,1.53469455829722,3.723590745128524,2.702630596692229,0,0,0.8420610894049219,0,0,0,2.274544488439521,0,0,4.175978871199471,1.317905892861323,0,0.5969156048372232,0,0,0,0.5589436135412834,2.135009642253775,0
0.194349151813164,2.769670589844457,0,2.847972154533345,2.851119302867387,0,0,0,2.083730799400866,0,0,0,0.5533173174725609,0.6623731291122836,1.16779485201329,0,3.494363366096879,0,0,3.339568124518515,0,0,0,0,0.6008007497648304,0,0,0,0,1.464148050417606
0,0,1.11506800277361,4.697064163689318,2.244509507173432,0,0,0,3.575756026339353,0,1.722103529401647,0,2.035052020513208,0.2530107908918117,0.5741763910442188,1.578107824891572,0,2.426534476821304,0,0,2.54119136607936,0,1.702020828292353,0,1.00927845236829,0,1.401708766374831,2.479657588526244,0.1679481115984222,1.099185368482285
0,0,2.6211746110183,0,2.414711668779343,0,0,0,0,0,0,2.764709128456305,2.580801604876335,3.54091463433325,3.839935022740661,0,0,0,4.91024472687101,0,0,0,0.9645099471184854,0,1.081447958405379,2.293102713698411,1.589803552525028,4.354081816272023,1.474491734957661,2.590439204866982
0,0,0,4.168787674368443,1.53469455829722,2.083730799400866,3.575756026339353,0,0,0,0,0,0.9979211608679428,0,0,0,0,0,0,2.53942654270148,0,1.738615963479211,0,3.445115345386571,0,0.9480911358898758,0,1.512495439972132,0,4.591694953288398
0,0,0,1.753283670542989,3.723590745128524,0,0,0,0,0,3.697648751651484,0,2.610057894027783,0,4.180864603545628,0,0.3949113626005213,0,2.953649079364917,0,0.9104989529109875,4.104010121517536,0,0,0,0,0.3343698002074896,3.052232832199141,1.985894033665758,3.90788373955848
0.9990332556366249,0,0,0,2.702630596692229,0,1.722103529401647,0,0,3.697648751651484,0,0,0,3.842757588842179,0,1.675490879204746,0,0.4071705002839804,2.353483179371005,0,3.618402420679423,0,0,1.714231041799867,4.211983723931642,0,4.516369520226013,1.815989066704145,0,0
3.147680886652313,0,0.9674749749052547,3.574330572544755,0,0,0,2.764709128456305,0,0,0,0,3.853220055040426,3.824603669788565,2.804166982257709,0,0,3.608936846402914,3.453345711901656,0,1.692227835237959,1.094784488518396,3.226478596567434,0,0,3.187506182438826,0,0.4425799202483149,2.94806112304513,0
0,3.262505768883695,0,1.229376176342018,0,0.5533173174725609,2.035052020513208,2.580801604876335,0.9979211608679428,2.610057894027783,0,3.853220055040426,0,0,0,0,3.615241671599708,0.004522994265293012,1.04526650954911,2.817477530340809,0,0,2.560732863867709,0,3.03802655282176,3.715168218629645,3.693424434465136,1.091021880811879,1.535688935625686,0
3.344862115663996,0,4.224363245700991,1.41199913875741,0.8420610894049219,0.6623731291122836,0.2530107908918117,3.54091463433325,0,0,3.842757588842179,3.824603669788565,0,0,0,2.567011091723823,0,0,0,0,1.66249105193081,4.279380580110137,3.083067214051638,0.9955698839974081,0.08120911857243895,2.261483499316808,0,0,1.418550629307203,4.106185124035165
