10
20
0.04964392651157775
0.1232817123520755
0.06802575261480967
0.1036378742295816
0.147451131608459
0.01213828963027255
0.2190007441640881
0.2119911095153476
0.02100933225372272
0.04382012712006572
0,0,3.232961367225784,0,2.909698735877279,3.309675780351952,0,0.3656684814758221,0,1.451276287930838,0.7176654851659431,0.9254331426936752,0,0,0,0,0,3.551187014471629,0,0.1693176762793003
0,0,0.6489178166057324,0,0,0,3.03031841117132,2.009725349562906,0,3.635480784739356,0,4.971698935629135,0,2.745870837968337,0,3.665855167254791,0,0,0,1.320325737351156
3.232961367225784,0.6489178166057324,0,0,0,0.5065284398651432,3.553231812091894,0,0,2.000867104240039,0,0,2.082249065581116,0,3.976934329461125,0.1988977210194443,0,2.973332786699854,3.980456061666404,0.8720675925420479
0,0,0,0,0,0,0,4.385789533546064,0,2.384400708207444,0.08141276811187703,0,0,0,2.650330548016002,0,3.653784141327843,0,1.620305155587265,0.7226842865094313
2.909698735877279,0,0,0,0,0,0,0,0.09666298361592829,0.7089787587032825,0.7653417515926425,0,2.171884294399879,4.388795949019547,3.482246165863629,1.524918350446263,0,0,0,0
3.309675780351952,0,0.5065284398651432,0,0,0,0,2.444867782123636,0,0,4.536774042376267,0.9066313050907232,0,0.7745772910654219,0,2.092207395012946,0,0,0,1.692166598064618
0,3.03031841117132,3.553231812091894,0,0,0,0,0,0,0,0,1.276257251905492,4.029587558982072,0,4.542747625100947,2.720690029795239,0,0,4.04973407535414,0
0.3656684814758221,2.009725349562906,0,4.385789533546064,0,2.444867782123636,0,0,0,1.314890528615407,0,1.344257281265651,0,2.45934937283983,0.2085690020243069,0,4.431140911878151,0.5801746926416246,3.798374728325178,0
0,0,0,0,0.09666298361592829,0,0,0,0,0,0.6889584662807852,1.115045213858749,0,0,0,0,2.245687456245513,0,0,2.98079589870015
1.451276287930838,3.635480784739356,2.000867104240039,2.384400708207444,0.7089787587032825,0,0,1.314890528615407,0,0,0,0,2.121805857765493,3.519025936764447,0,1.485512253750013,2.412180193787374,3.49411276206557,0,0
0.7176654851659431,0,0,0.08141276811187703,0.7653417515926425,4.536774042376267,0,0,0.6889584662807852,0,0,0,0,2.959797622346447,0,3.423868480902387,3.732603874189046,1.24243363234257,3.54335217255805,0
0.9254331426936752,4.971698935629135,0,0,0,0.9066313050907232,1.276257251905492,1.344257281265651,1.115045213858749,0,0,0,0,1.326921342021341,0,0,4.760328072761831,0,2.744716744030198,4.963737880278486
0,0,2.082249065581116,0,2.171884294399879,0,4.029587558982072,0,0,2.121805857765493,0,0,0,0,0,0,0,4.863431000445382,4.411382553250239,0
0,2.745870837968337,0,0,4.388795949019547,0.7745772910654219,0,2.45934937283983,0,3.519025936764447,2.959797622346447,1.326921342021341,0,0,4.173114665383367,0,4.25808459487102,0,0,0
0,0,3.976934329461125,2.650330548016002,3.482246165863629,0,4.542747625100947,0.2085690020243069,0,0,0,0,0,4.173114665383367,0,0.02440199659551834,0,0,0,0.009610262767155708
0,3.665855167254791,0.1988977210194443,0,1.524918350446263,2.092207395012946,2.720690029795239,0,0,1.485512253750013,3.423868480902387,0,0,0,0.02440199659551834,0,0,1.568007313027197,0,1.369798436930543
0,0,0,3.653784141327843,0,0,0,4.431140911878151,2.245687456245513,2.412180193787374,3.732603874189046,4.760328072761831,0,4.25808459487102,0,0,0,0,0,0
3.551187014471629,0,2.973332786699854,0,0,0,0,0.5801746926416246,0,3.49411276206557,1.24243363234257,0,4.863431000445382,0,0,1.568007313027197,0,0,4.806385807916581,0
0,0,3.980456061666404,1.620305155587265,0,0,4.04973407535414,3.798374728325178,0,0,3.54335217255805,2.744716744030198,4.411382553250239,0,0,0,0,4.806385807916581,0,0
0.1693176762793003,1.320325737351156,0.8720675925420479,0.7226842865094313,0,1.692166598064618,0,0,2.98079589870015,0,0,4.963737880278486,0,0,0.009610262767155708,1.369798436930543,0,0,0,0
0,2.447933506296812,0,1.561668855051729,0,0,0.9501390452335751,0,4.906413619513678,0,0,0,4.488385585641304,3.800372588983804,4.134935779551654,3.405090040520827,2.642784207644239,0,4.158907086343238,0
2.447933506296812,0,0,4.70076629146231,3.00704699164827,3.428947877632131,0,0,4.775641529850116,0,1.482662130845379,0,3.953934363111316,0,4.941454629538704,0,4.969471904075759,0.04645108715913393,4.292578345554804,0
0,0,0,2.176955413249553,2.780749971953565,0,0,1.024584880782468,0.01143920605013948,0,0.82033893758506,2.775440550791001,0,1.999809322930705,0,0,4.666835176867124,0,0,0
1.561668855051729,4.70076629146231,2.176955413249553,0,4.705282243914522,0.005443157005783905,3.288328578510033,0,2.172126670040078,0,0,1.051553233714469,3.984575921452585,0.2596309520035744,0,3.038563086230032,0,2.320216844744427,0,0
0,3.00704699164827,2.780749971953565,4.705282243914522,0,2.411398020576113,1.439191018848724,4.747897738361887,0,0,0,3.695997642392316,0,0,0,0,4.605731385734937,0.09880980645091797,3.322471424982755,0.5190739132555294
0,3.428947877632131,0,0.005443157005783905,2.411398020576113,0,3.908399133305577,0,1.889239758355894,3.538047032953544,0,0,0.5042452843019063,0,3.952718445561161,0,4.555152019653904,3.39036407986647,4.304745445519185,0
0.9501390452335751,0,0,3.288328578510033,1.439191018848724,3.908399133305577,0,3.944852634725579,1.911048414682895,4.426413477491867,2.212262599223382,0,0,2.950318066960173,0,0,0.3952512779109207,3.295192511905558,0,4.490344610315581
0,0,1.024584880782468,0,4.747897738361887,0,3.944852634725579,0,1.126308702011517,0,1.987104135496464,0,0.8942380034702613,0,0,2.890164601816595,0,0,0,1.117102437479121
4.906413619513678,4.775641529850116,0.01143920605013948,2.172126670040078,0,1.889239758355894,1.911048414682895,1.126308702011517,0,4.670274920178485,0,0,3.820883518101242,1.375048962125786,3.797302008000337,2.299726365527839,0,4.951949917921271,0.8743061280626818,0
0,0,0,0,0,3.538047032953544,4.426413477491867,0,4.670274920178485,0,3.910762689354762,0.6496647580721054,0,0,2.824201176327283,0,0,0,0.03435495903094721,3.833987662447243
0,1.482662130845379,0.82033893758506,0,0,0,2.212262599223382,1.987104135496464,0,3.910762689354762,0,2.288198154993672,2.935286360893859,0,2.766539307024096,0,0,0,0,3.945171249616532
0,0,2.775440550791001,1.051553233714469,3.695997642392316,0,0,0,0,0.6496647580721054,2.288198154993672,0,0.04237115970779803,0,2.403781847533524,3.474295814673213,0,4.790343303994621,0,0
4.488385585641304,3.953934363111316,0,3.984575921452585,0,0.5042452843019063,0,0.8942380034702613,3.820883518101242,0,2.935286360893859,0.04237115970779803,0,2.860506950528951,0.6809190084446848,2.191696947667782,3.340177967700932,0,0,1.607459538606756
3.800372588983804,0,1.999809322930705,0.2596309520035744,0,0,2.950318066960173,0,1.375048962125786,0,0,0,2.860506950528951,0,0,0.2076039134713237,0,3.118108020651563,4.959036081913152,4.385281287466732
4.134935779551654,4.941454629538704,0,0,0,3.952718445561161,0,0,3.797302008000337,2.824201176327283,2.766539307024096,2.403781847533524,0.6809190084446848,0,0,0,2.336438872280069,2.836090886198859,3.465614490115806,0
3.405090040520827,0,0,3.038563086230032,0,0,0,2.890164601816595,2.299726365527839,0,0,3.474295814673213,2.191696947667782,0.2076039134713237,0,0,3.306139303330116,0,2.491699115333513,0
2.642784207644239,4.969471904075759,4.666835176867124,0,4.605731385734937,4.555152019653904,0.3952512779109207,0,0,0,0,0,3.340177967700932,0,2.336438872280069,3.306139303330116,0,2.035285462045941,4.780910930724439,1.953884080010025
0,0.04645108715913393,0,2.320216844744427,0.09880980645091797,3.39036407986647,3.295192511905558,0,4.951949917921271,0,0,4.790343303994621,0,3.118108020651563,2.836090886198859,0,2.035285462045941,0,0,1.371234565029764
4.158907086343238,4.292578345554804,0,0,3.322471424982755,4.304745445519185,0,0,0.8743061280626818,0.03435495903094721,0,0,0,4.959036081913152,3.465614490115806,2.491699115333513,4.780910930724439,0,0,0.7430122421559349
0,0,0,0,0.5190739132555294,0,4.490344610315581,1.117102437479121,0,3.833987662447243,3.945171249616532,0,1.607459538606756,4.385281287466732,0,0,1.953884080010025,1.371234565029764,0.7430122421559349,0
0,3.031408152172789,0,3.360720744322958,0,0,4.807542788895062,0,0.8143056315682212,0,0,0,2.591358642877509,4.404347515055828,1.958407587096956,1.650293939796494,4.877293086232704,0,1.290176721555187,0
3.031408152172789,0,0,4.665598235976852,4.735067771330198,3.983594541430966,0,0,4.393994036528952,0,1.561000791033395,0,0.6757312820373645,0,0.09576146142375674,0,1.946501667353809,0.9916419499570178,4.358964701056402,0
0,0,0,2.075500923822959,4.171855947136251,0,0,3.093932633594872,4.722660217241835,0,3.44145174210327,4.004561295137653,0,0.2255462435531391,0,0,3.011073039990235,0,0,0
3.360720744322958,4.665598235976852,2.075500923822959,0,3.307824732424861,0.6343105663241311,3.427897200869124,0,2.003303489800873,0,0,3.418221490894513,1.368379641152364,0.3927959067428699,0,2.097757415492718,0,2.346819850305434,0,0
0,4.735067771330198,4.171855947136251,3.307824732424861,0,1.690323743213527,1.319853304217118,3.869775446574042,0,0,0,0.4943515314293012,0,0,0,0,4.465368905478259,1.713429483133713,1.445918453010167,3.995309017948183
0,3.983594541430966,0,0.6343105663241311,1.690323743213527,0,0.5576656234247163,0,2.589890722536942,0.4028365046196541,0,0,1.940190349871033,0,2.219361467939219,0,2.752134443580187,2.142387968169255,1.898312086720972,0
4.807542788895062,0,0,3.427897200869124,1.319853304217118,0.5576656234247163,0,3.974607739844582,4.008806214865179,3.241257607153593,0.9187264322750344,0,0,1.155708706908927,0,0,2.547079328787321,3.938128949112012,0,3.109105964682169
0,0,3.093932633594872,0,3.869775446574042,0,3.974607739844582,0,3.342165334973701,0,0.5228931527292457,0,4.298511271132233,0,0,1.494044227788996,0,0,0,3.366495664045273
0.8143056315682212,4.393994036528952,4.722660217241835,2.003303489800873,0,2.589890722536942,4.008806214865179,3.342165334973701,0,4.736946158120213,0,0,1.72357245809623,0.1397886588989605,0.7302051242017782,4.168623960093956,0,3.586735932151741,0.5257052574654864,0
0,0,0,0,0,0.4028365046196541,3.241257607153593,0,4.736946158120213,0,2.786193649258364,1.087180788554191,0,0,0.1164761791607688,0,0,0,0.3949486155443266,4.491628531852193
0,1.561000791033395,3.44145174210327,0,0,0,0.9187264322750344,0.5228931527292457,0,2.786193649258364,0,3.795807841505642,4.808058143744453,0,1.497355342780495,0,0,0,0,3.714212748796373
0,0,4.004561295137653,3.418221490894513,0.4943515314293012,0,0,0,0,1.087180788554191,3.795807841505642,0,2.080159035844592,0,4.138750659322349,1.552030856147107,0,1.032692102041213,0,0
2.591358642877509,0.6757312820373645,0,1.368379641152364,0,1.940190349871033,0,4.298511271132233,1.72357245809623,0,4.808058143744453,2.080159035844592,0,3.586135858160775,1.870229006395768,3.017708818107184,0.7628782645225929,0,0,4.499228006087773
4.404347515055828,0,0.2255462435531391,0.3927959067428699,0,0,1.155708706908927,0,0.1397886588989605,0,0,0,3.586135858160775,0,0,3.070965126408973,0,4.461395967035688,2.421619772315949,0.3008708034720842
1.958407587096956,0.09576146142375674,0,0,0,2.219361467939219,0,0,0.7302051242017782,0.1164761791607688,1.497355342780495,4.138750659322349,1.870229006395768,0,0,0,4.183593294389086,0.9588083346302895,4.699500707612783,0
1.650293939796494,0,0,2.097757415492718,0,0,0,1.494044227788996,4.168623960093956,0,0,1.552030856147107,3.017708818107184,3.070965126408973,0,0,3.301682140464684,0,2.185163704482682,0
4.877293086232704,1.946501667353809,3.011073039990235,0,4.465368905478259,2.752134443580187,2.547079328787321,0,0,0,0,0,0.7628782645225929,0,4.183593294389086,3.301682140464684,0,1.499815691512734,3.177343324445017,2.939658232275247
0,0.9916419499570178,0,2.346819850305434,1.713429483133713,2.142387968169255,3.938128949112012,0,3.586735932151741,0,0,1.032692102041213,0,4.461395967035688,0.9588083346302895,0,1.499815691512734,0,0,1.116394904339445
1.290176721555187,4.358964701056402,0,0,1.445918453010167,1.898312086720972,0,0,0.5257052574654864,0.3949486155443266,0,0,0,2.421619772315949,4.699500707612783,2.185163704482682,3.177343324445017,0,0,4.265154040206009
0,0,0,0,3.995309017948183,0,3.109105964682169,3.366495664045273,0,4.491628531852193,3.714212748796373,0,4.499228006087773,0.3008708034720842,0,0,2.939658232275247,1.116394904339445,4.265154040206009,0
0,3.588436551301982,0,1.98528105053148,0,0,2.67530671617825,0,0.7829908227580806,0,0,0,4.223159708662049,1.187390857655891,3.106753961978142,0.1734610428608824,4.386107554018915,0,3.846207195224021,0
3.588436551301982,0,0,4.918791353179558,3.156092277207874,2.648134916848676,0,0,3.04865898703455,0,2.748481711729382,0,2.751695956212503,0,1.756618863367757,0,4.408415875084161,0.103400710454486,4.485312424815832,0
0,0,0,0.2710650286972777,0.5306223258603576,0,0,3.495750566587673,3.96238450720026,0,3.216583093585867,3.351729911315802,0,1.005226708499136,0,0,3.005883638099434,0,0,0
1.98528105053148,4.918791353179558,0.2710650286972777,0,1.074491875827139,1.073204836980256,1.768701955669248,0,1.864689246569882,0,0,0.7719515110893754,1.463417984689998,0.07243028083751935,0,0.5539882314129557,0,0.7690706531888036,0,0
0,3.156092277207874,0.5306223258603576,1.074491875827139,0,1.183835231876347,1.299506327438856,3.180695043228967,0,0,0,4.103165442243699,0,0,0,0,4.985896638778041,1.191530437754344,1.686861164889017,4.514625596414695
0,2.648134916848676,0,1.073204836980256,1.183835231876347,0,2.89664644694453,0,0.4729894467247581,0.2165404818755123,0,0,1.446124310124931,0,4.979093608637466,0,2.9816790788819,3.27400660787939,3.560614417026887,0
2.67530671617825,0,0,1.768701955669248,1.299506327438856,2.89664644694453,0,3.161844368641741,3.35430385666069,2.331267951839902,1.24615398904007,0,0,0.5097312532026671,0,0,2.434491494358453,0.6301250194988489,0,2.073037435118926
0,0,3.495750566587673,0,3.180695043228967,0,3.161844368641741,0,0.7827585934962522,0,0.9692715040382288,0,1.159881041372449,0,0,2.178330223103684,0,0,0,4.093929041352291
0.7829908227580806,3.04865898703455,3.96238450720026,1.864689246569882,0,0.4729894467247581,3.35430385666069,0.7827585934962522,0,2.995415529105637,0,0,1.923900900351196,4.703065766153261,1.631526280240649,4.077220029040368,0,4.90028740138629,1.570563340095958,0
0,0,0,0,0,0.2165404818755123,2.331267951839902,0,2.995415529105637,0,0.181381951290428,4.466968908153309,0,0,0.03781958577434019,0,0,0,2.303133102044972,3.834127194849485
0,2.748481711729382,3.216583093585867,0,0,0,1.24615398904007,0.9692715040382288,0,0.181381951290428,0,4.6939792607151,2.445646600924487,0,4.485041578403262,0,0,0,0,0.5226105761153582
0,0,3.351729911315802,0.7719515110893754,4.103165442243699,0,0,0,0,4.466968908153309,4.6939792607151,0,2.195591027057349,0,3.016191329114402,1.717728028151829,0,0.7985036702632659,0,0
4.223159708662049,2.751695956212503,0,1.463417984689998,0,1.446124310124931,0,1.159881041372449,1.923900900351196,0,2.445646600924487,2.195591027057349,0,4.88279613844168,4.323908491049115,0.9049940718910604,0.3134800710676056,0,0,2.710558601871973
1.187390857655891,0,1.005226708499136,0.07243028083751935,0,0,0.5097312532026671,0,4.703065766153261,0,0,0,4.88279613844168,0,0,1.366401156228802,0,4.904513541438245,1.781822976787923,2.357388234976478
3.106753961978142,1.756618863367757,0,0,0,4.979093608637466,0,0,1.631526280240649,0.03781958577434019,4.485041578403262,3.016191329114402,4.323908491049115,0,0,0,1.103124034419468,4.531241657569577,2.08583658537014,0
0.1734610428608824,0,0,0.5539882314129557,0,0,0,2.178330223103684,4.077220029040368,0,0,1.717728028151829,0.9049940718910604,1.366401156228802,0,0,3.40237586211259,0,0.84202849214147,0
4.386107554018915,4.408415875084161,3.005883638099434,0,4.985896638778041,2.9816790788819,2.434491494358453,0,0,0,0,0,0.3134800710676056,0,1.103124034419468,3.40237586211259,0,3.027177860055861,4.456355806909978,1.199179706780136
0,0.103400710454486,0,0.7690706531888036,1.191530437754344,3.27400660787939,0.6301250194988489,0,4.90028740138629,0,0,0.7985036702632659,0,4.904513541438245,4.531241657569577,0,3.027177860055861,0,0,1.260617814410822
3.846207195224021,4.485312424815832,0,0,1.686861164889017,3.560614417026887,0,0,1.570563340095958,2.303133102044972,0,0,0,1.781822976787923,2.08583658537014,0.84202849214147,4.456355806909978,0,0,1.193009752173207
0,0,0,0,4.514625596414695,0,2.073037435118926,4.093929041352291,0,3.834127194849485,0.5226105761153582,0,2.710558601871973,2.357388234976478,0,0,1.199179706780136,1.260617814410822,1.193009752173207,0
0,0.700117492885417,0,1.097578810023807,0,0,4.572587554122144,0,0.8183531087219537,0,0,0,1.143782880282984,4.698468141555023,4.825759710986548,0.6009448556941055,0.8066754109788393,0,2.05283656224506,0
0.700117492885417,0,0,3.465179015802301,4.394187414425715,3.773195565955398,0,0,4.838828794077937,0,2.7629081397054,0,0.2691917391914755,0,2.673234094575308,0,4.466347824088046,3.961356293568259,4.217933808662683,0
0,0,0,1.298478092168982,1.282807454111173,0,0,1.574143350087909,1.996642146329267,0,4.106767628824762,2.67553740483205,0,0.2143141807782317,0,0,3.219331090703323,0,0,0
1.097578810023807,3.465179015802301,1.298478092168982,0,4.567949002177532,4.134098152653673,4.783952631447487,0,2.216251476803255,0,0,4.871579362865571,1.740759427615596,0.9667006401575845,0,4.08307220391524,0,4.808974598524089,0,0
0,4.394187414425715,1.282807454111173,4.567949002177532,0,2.254316033520422,3.385400177874257,3.767907350987809,0,0,0,1.135558045953027,0,0,0,0,0.364419456253704,4.922820004815159,4.5431852958772,1.562564229933334
0,3.773195565955398,0,4.134098152653673,2.254316033520422,0,4.351856101558599,0,4.545475964249178,2.455777814921302,0,0,0.3654343039879648,0,2.182933490812778,0,0.3957261965145364,2.943727643025192,2.617602177592806,0
4.572587554122144,0,0,4.783952631447487,3.385400177874257,4.351856101558599,0,4.057253927881491,4.914295922973339,0.4764043850465272,1.425557760327909,0,0,3.223222446713355,0,0,4.279401415789611,2.624870867299704,0,3.237790586459294
0,0,1.574143350087909,0,3.767907350987809,0,4.057253927881491,0,3.871257042562278,0,1.815352078420767,0,0.8405263412382064,0,0,0.6831651619319518,0,0,0,4.744649022598287
0.8183531087219537,4.838828794077937,1.996642146329267,2.216251476803255,0,4.545475964249178,4.914295922973339,3.871257042562278,0,4.744370700652799,0,0,2.974326007973275,2.669851632576956,0.1439305246483291,1.619758720859618,0,0.268688989112042,1.743828302870336,0
0,0,0,0,0,2.455777814921302,0.4764043850465272,0,4.744370700652799,0,3.346858871156606,3.10853051115593,0,0,4.94484415931494,0,0,0,3.887681407267717,4.734417244406507
0,2.7629081397054,4.106767628824762,0,0,0,1.425557760327909,1.815352078420767,0,3.346858871156606,0,4.053503554994476,1.267613902605686,0,3.971531531134358,0,0,0,0,2.604374546325713
0,0,2.67553740483205,4.871579362865571,1.135558045953027,0,0,0,0,3.10853051115593,4.053503554994476,0,3.921803225083655,0,4.089208405340328,0.3811472156752493,0,2.858802835151445,0,0
1.143782880282984,0.2691917391914755,0,1.740759427615596,0,0.3654343039879648,0,0.8405263412382064,2.974326007973275,0,1.267613902605686,3.921803225083655,0,2.134952791154052,1.251367959707442,4.043930695482963,1.685574414220777,0,0,2.314446280923844
4.698468141555023,0,0.2143141807782317,0.9667006401575845,0,0,3.223222446713355,0,2.669851632576956,0,0,0,2.134952791154052,0,0,3.733534585615962,0,3.234895523952401,0.2718554251995031,1.555082869690958
4.825759710986548,2.673234094575308,0,0,0,2.182933490812778,0,0,0.1439305246483291,4.94484415931494,3.971531531134358,4.089208405340328,1.251367959707442,0,0,0,4.029802507259547,2.574282089076239,4.078854250995407,0
0.6009448556941055,0,0,4.08307220391524,0,0,0,0.6831651619319518,1.619758720859618,0,0,0.3811472156752493,4.043930695482963,3.733534585615962,0,0,4.253248364064885,0,1.322813383338978,0
0.8066754109788393,4.466347824088046,3.219331090703323,0,0.364419456253704,0.3957261965145364,4.279401415789611,0,0,0,0,0,1.685574414220777,0,4.029802507259547,4.253248364064885,0,3.955866360177559,1.081425068490259,3.267825023511164
0,3.961356293568259,0,4.808974598524089,4.922820004815159,2.943727643025192,2.624870867299704,0,0.268688989112042,0,0,2.858802835151445,0,3.234895523952401,2.574282089076239,0,3.955866360177559,0,0,1.234967101487839
2.05283656224506,4.217933808662683,0,0,4.5431852958772,2.617602177592806,0,0,1.743828302870336,3.887681407267717,0,0,0,0.2718554251995031,4.078854250995407,1.322813383338978,1.081425068490259,0,0,2.084702753869854
0,0,0,0,1.562564229933334,0,3.237790586459294,4.744649022598287,0,4.734417244406507,2.604374546325713,0,2.314446280923844,1.555082869690958,0,0,3.267825023511164,1.234967101487839,2.084702753869854,0
0,2.915267656228276,0,1.204103897500088,0,0,3.228319736753856,0,0.3924480536980313,0,0,0,2.141865240181407,0.1357600648226143,4.142353157085486,1.418567461592619,1.76687635428046,0,0.2782837134771143,0
2.915267656228276,0,0,3.512377423221551,0.6134315086336839,2.517770956591198,0,0,3.170690738314732,0,3.202002297154922,0,3.382767480808602,0,3.739088825559402,0,1.929999174843855,0.9541470635856752,2.425756123884016,0
0,0,0,1.220890205467611,0.2706201182833218,0,0,4.023943229490503,4.367247490714749,0,1.892734651651129,3.429630582188184,0,3.195816007310557,0,0,4.609652881466727,0,0,0
1.204103897500088,3.512377423221551,1.220890205467611,0,1.900983750041247,1.938071409511116,1.218692886282831,0,1.901537017734349,0,0,2.513311751602447,4.379864342638728,0.1314463986363995,0,1.246522897834688,0,4.381273381421279,0,0
0,0.6134315086336839,0.2706201182833218,1.900983750041247,0,0.927254948125944,2.599132746084268,3.734083021902288,0,0,0,0.534706739290729,0,0,0,0,0.6480931190834155,4.232989510586659,0.1612549022064885,1.407945830796118
0,2.517770956591198,0,1.938071409511116,0.927254948125944,0,3.44888124805562,0,1.03815296998671,2.232982200846013,0,0,0.9730400271854156,0,1.522205864865444,0,2.883180186952743,3.72527455123894,1.817447193969828,0
3.228319736753856,0,0,1.218692886282831,2.599132746084268,3.44888124805562,0,2.240466254754494,4.68410664314295,4.83910399776206,2.64754754710592,0,0,4.900693633546918,0,0,3.072023852995546,4.49739882571588,0,2.446344575638598
0,0,4.023943229490503,0,3.734083021902288,0,2.240466254754494,0,1.065263544788771,0,4.372671386920052,0,0.1336143456578098,0,0,1.498603842957645,0,0,0,4.371576637027329
0.3924480536980313,3.170690738314732,4.367247490714749,1.901537017734349,0,1.03815296998671,4.68410664314295,1.065263544788771,0,2.020091300099268,0,0,2.675603648562526,3.355866487084591,3.472754823996662,2.308422482441659,0,3.184370930960944,1.994811352054308,0
0,0,0,0,0,2.232982200846013,4.83910399776206,0,2.020091300099268,0,4.244942491989653,1.990811885552252,0,0,1.008235766494521,0,0,0,4.083819845294135,2.678666145301032
0,3.202002297154922,1.892734651651129,0,0,0,2.64754754710592,4.372671386920052,0,4.244942491989653,0,4.651959777438797,3.391120634697677,0,3.879062277205605,0,0,0,0,4.233162326577659
0,0,3.429630582188184,2.513311751602447,0.534706739290729,0,0,0,0,1.990811885552252,4.651959777438797,0,4.149987455562064,0,4.777735852677781,2.599184702981287,0,2.964595957741504,0,0
2.141865240181407,3.382767480808602,0,4.379864342638728,0,0.9730400271854156,0,0.1336143456578098,2.675603648562526,0,3.391120634697677,4.149987455562064,0,4.565068855295118,0.1475278929752782,4.095292149092748,2.229719902368208,0,0,4.039874639612416
0.1357600648226143,0,3.195816007310557,0.1314463986363995,0,0,4.900693633546918,0,3.355866487084591,0,0,0,4.565068855295118,0,0,2.439359733730788,0,3.99409254078803,4.570385300107045,0.9734653586457698
4.142353157085486,3.739088825559402,0,0,0,1.522205864865444,0,0,3.472754823996662,1.008235766494521,3.879062277205605,4.777735852677781,0.1475278929752782,0,0,0,1.24289720370455,4.994881555170819,4.024213432940178,0
1.418567461592619,0,0,1.246522897834688,0,0,0,1.498603842957645,2.308422482441659,0,0,2.599184702981287,4.095292149092748,2.439359733730788,0,0,0.1865723421546078,0,3.419407916771964,0
1.76687635428046,1.929999174843855,4.609652881466727,0,0.6480931190834155,2.883180186952743,3.072023852995546,0,0,0,0,0,2.229719902368208,0,1.24289720370455,0.1865723421546078,0,4.854467839395503,3.417718527325511,1.832662418139626
0,0.9541470635856752,0,4.381273381421279,4.232989510586659,3.72527455123894,4.49739882571588,0,3.184370930960944,0,0,2.964595957741504,0,3.99409254078803,4.994881555170819,0,4.854467839395503,0,0,1.197881884994752
0.2782837134771143,2.425756123884016,0,0,0.1612549022064885,1.817447193969828,0,0,1.994811352054308,4.083819845294135,0,0,0,4.570385300107045,4.024213432940178,3.419407916771964,3.417718527325511,0,0,1.611999511735299
0,0,0,0,1.407945830796118,0,2.446344575638598,4.371576637027329,0,2.678666145301032,4.233162326577659,0,4.039874639612416,0.9734653586457698,0,0,1.832662418139626,1.197881884994752,1.611999511735299,0
0,0.9750002798935292,0,1.931879224367227,0,0,0.7673470389993131,0,3.592003670616832,0,0,0,1.841455713917786,2.807571240297709,4.067011324495429,4.191179875137128,0.2900340750654729,0,4.353245398715575,0
0.9750002798935292,0,0,1.856560924043533,4.067741123659612,4.535201687688247,0,0,3.886322595645811,0,2.983245623050496,0,4.111402943794441,0,4.850065873375435,0,3.637753854481789,4.76041316939,2.442702549340963,0
0,0,0,3.545475419248202,3.282769508806618,0,0,0.8901121520616917,3.371981629482152,0,0.5595033038486003,4.775919197994265,0,1.258793108253171,0,0,1.096286184326876,0,0,0
1.931879224367227,1.856560924043533,3.545475419248202,0,0.1749114247045169,1.590377345470618,3.741358564737778,0,0.3635622119304888,0,0,4.457040968214216,0.4665957507105328,2.343829252604559,0,2.545891995196798,0,2.443146387498552,0,0
0,4.067741123659612,3.282769508806618,0.1749114247045169,0,1.621274056060292,0.3837686729312667,2.930155768293168,0,0,0,3.313879801044755,0,0,0,0,4.907841151364679,3.972557981974724,3.481788639778328,0.03390970634029544
0,4.535201687688247,0,1.590377345470618,1.621274056060292,0,1.214851254608144,0,1.910322617702649,2.433992829226728,0,0,2.087426155516416,0,1.232551704583859,0,4.490861559858188,3.204351440848829,2.173379365587166,0
0.7673470389993131,0,0,3.741358564737778,0.3837686729312667,1.214851254608144,0,4.153067763082136,2.881361770310184,3.100557046878131,2.799186868985323,0,0,0.508612094605313,0,0,0.587076267186043,0.5454220598342158,0,0.4687765558566059
0,0,0.8901121520616917,0,2.930155768293168,0,4.153067763082136,0,0.8456178846215878,0,2.998851127143928,0,1.612154391842012,0,0,3.806873844298654,0,0,0,1.968681512453598
3.592003670616832,3.886322595645811,3.371981629482152,0.3635622119304888,0,1.910322617702649,2.881361770310184,0.8456178846215878,0,0.2051622210684967,0,0,1.667778622230263,3.037674950327687,4.793784609780217,3.369796089012333,0,4.801909500080931,1.419587273492917,0
0,0,0,0,0,2.433992829226728,3.100557046878131,0,0.2051622210684967,0,0.3273228577815535,1.780446896961513,0,0,4.11669114407432,0,0,0,3.156940220226945,4.798903897121523
0,2.983245623050496,0.5595033038486003,0,0,0,2.799186868985323,2.998851127143928,0,0.3273228577815535,0,2.234786495734938,4.572458910272909,0,2.994841482373498,0,0,0,0,4.218065753256042
0,0,4.775919197994265,4.457040968214216,3.313879801044755,0,0,0,0,1.780446896961513,2.234786495734938,0,2.948032192273794,0,3.251890966953346,3.043886607345383,0,3.49305374935344,0,0
1.841455713917786,4.111402943794441,0,0.4665957507105328,0,2.087426155516416,0,1.612154391842012,1.667778622230263,0,4.572458910272909,2.948032192273794,0,4.486556271405907,4.997244856951891,2.436178591558179,3.788242337315029,0,0,1.804091207512696
2.807571240297709,0,1.258793108253171,2.343829252604559,0,0,0.508612094605313,0,3.037674950327687,0,0,0,4.486556271405907,0,0,3.961877469323551,0,2.024372219441544,3.524843706820576,0.7552476943442255
4.067011324495429,4.850065873375435,0,0,0,1.232551704583859,0,0,4.793784609780217,4.11669114407432,2.994841482373498,3.251890966953346,4.997244856951891,0,0,0,4.991363057539118,1.886643327234537,1.802021385098502,0
4.191179875137128,0,0,2.545891995196798,0,0,0,3.806873844298654,3.369796089012333,0,0,3.043886607345383,2.436178591558179,3.961877469323551,0,0,3.403875980002687,0,4.083187032658809,0
0.2900340750654729,3.637753854481789,1.096286184326876,0,4.907841151364679,4.490861559858188,0.587076267186043,0,0,0,0,0,3.788242337315029,0,4.991363057539118,3.403875980002687,0,3.866919136583038,1.575293097021329,2.406249663037205
0,4.76041316939,0,2.443146387498552,3.972557981974724,3.204351440848829,0.5454220598342158,0,4.801909500080931,0,0,3.49305374935344,0,2.024372219441544,1.886643327234537,0,3.866919136583038,0,0,2.141254804023935
4.353245398715575,2.442702549340963,0,0,3.481788639778328,2.173379365587166,0,0,1.419587273492917,3.156940220226945,0,0,0,3.524843706820576,1.802021385098502,4.083187032658809,1.575293097021329,0,0,2.170193196295522
0,0,0,0,0.03390970634029544,0,0.4687765558566059,1.968681512453598,0,4.798903897121523,4.218065753256042,0,1.804091207512696,0.7552476943442255,0,0,2.406249663037205,2.141254804023935,2.170193196295522,0
0,0.3166885917691065,0,0.1675062705869362,0,0,0.260910013399962,0,2.23132645865708,0,0,0,3.48023912671972,4.452261431055528,4.775472732414519,4.506763320672228,2.22058017606251,0,4.861501563876832,0
0.3166885917691065,0,0,0.3205297050745298,4.88802176258318,0.6180511828653956,0,0,4.492519194909613,0,0.8058731921288037,0,4.557010509515647,0,3.475715460354829,0,4.563248390056737,3.851131404951331,0.3266697825754211,0
0,0,0,3.294253662162295,1.387182908432754,0,0,1.206528602359855,1.211828029621694,0,4.297416371866968,3.138761453049641,0,2.09941974912326,0,0,4.424521923974677,0,0,0
0.1675062705869362,0.3205297050745298,3.294253662162295,0,1.136725494865736,1.308892676576373,1.951137660849993,0,2.201403857710817,0,0,3.632455415708601,1.033402034560071,1.216913093389587,0,4.020663360947008,0,2.03538266571997,0,0
0,4.88802176258318,1.387182908432754,1.136725494865736,0,1.319857413100953,0.2792262751727093,3.865281678538452,0,0,0,4.772880538859644,0,0,0,0,0.4512114450795018,4.501390333414931,1.043849079444446,2.479358328333929
0,0.6180511828653956,0,1.308892676576373,1.319857413100953,0,1.713611259348794,0,3.301401325893425,0.8294556104267092,0,0,1.4646327957197,0,4.804126258272813,0,2.316552836296726,2.51838093103512,3.437988107663768,0
0.260910013399962,0,0,1.951137660849993,0.2792262751727093,1.713611259348794,0,0.6333165713040528,0.4009309351504331,0.7800157844551675,2.075728410386612,0,0,0.9393306369739735,0,0,3.034364694933246,3.172856479856958,0,3.186615382225452
0,0,1.206528602359855,0,3.865281678538452,0,0.6333165713040528,0,3.628763804772718,0,1.290566279997587,0,2.775822760807198,0,0,0.1765126497358782,0,0,0,4.684811580874496
2.23132645865708,4.492519194909613,1.211828029621694,2.201403857710817,0,3.301401325893425,0.4009309351504331,3.628763804772718,0,1.469127706220926,0,0,4.273412877490064,3.754366316341694,3.645235448667346,2.976132367204785,0,1.349615507644272,1.569559558668356,0
0,0,0,0,0,0.8294556104267092,0.7800157844551675,0,1.469127706220926,0,1.803828152761427,3.232865459178235,0,0,1.804751346140098,0,0,0,1.824380547679562,4.890941658151107
0,0.8058731921288037,4.297416371866968,0,0,0,2.075728410386612,1.290566279997587,0,1.803828152761427,0,4.169430329151887,3.085373950352827,0,2.786105115295772,0,0,0,0,1.888736488497608
0,0,3.138761453049641,3.632455415708601,4.772880538859644,0,0,0,0,3.232865459178235,4.169430329151887,0,0.710370191358437,0,3.138236731353887,3.635799802172292,0,1.529067320405177,0,0
3.48023912671972,4.557010509515647,0,1.033402034560071,0,1.4646327957197,0,2.775822760807198,4.273412877490064,0,3.085373950352827,0.710370191358437,0,4.176142837379566,3.025713375411407,3.775251986633741,0.6526678947581466,0,0,4.855014899047974
4.452261431055528,0,2.09941974912326,1.216913093389587,0,0,0.9393306369739735,0,3.754366316341694,0,0,0,4.176142837379566,0,0,2.622314479576699,0,2.411822156434576,2.190418024256131,4.507102024809849
4.775472732414519,3.475715460354829,0,0,0,4.804126258272813,0,0,3.645235448667346,1.804751346140098,2.786105115295772,3.138236731353887,3.025713375411407,0,0,0,4.689488142190647,1.030559890587029,4.569070714545739,0
4.506763320672228,0,0,4.020663360947008,0,0,0,0.1765126497358782,2.976132367204785,0,0,3.635799802172292,3.775251986633741,2.622314479576699,0,0,2.855688006033887,0,3.527604949596307,0
2.22058017606251,4.563248390056737,4.424521923974677,0,0.4512114450795018,2.316552836296726,3.034364694933246,0,0,0,0,0,0.6526678947581466,0,4.689488142190647,2.855688006033887,0,2.999908548437951,0.1269329013447917,2.008427821785415
0,3.851131404951331,0,2.03538266571997,4.501390333414931,2.51838093103512,3.172856479856958,0,1.349615507644272,0,0,1.529067320405177,0,2.411822156434576,1.030559890587029,0,2.999908548437951,0,0,4.129629434541283
4.861501563876832,0.3266697825754211,0,0,1.043849079444446,3.437988107663768,0,0,1.569559558668356,1.824380547679562,0,0,0,2.190418024256131,4.569070714545739,3.527604949596307,0.1269329013447917,0,0,1.637118558173452
0,0,0,0,2.479358328333929,0,3.186615382225452,4.684811580874496,0,4.890941658151107,1.888736488497608,0,4.855014899047974,4.507102024809849,0,0,2.008427821785415,4.129629434541283,1.637118558173452,0
0,0.3195083557317258,0,1.73361389328607,0,0,0.07525388991020066,0,2.5505962683064,0,0,0,4.721903412440238,0.834955827652098,0.9155986549423029,2.249736121879911,2.20546794467892,0,0.5848809786102732,0
0.3195083557317258,0,0,2.217258778939156,1.156215904669605,4.261126088838646,0,0,1.132827952452349,0,2.089542237135476,0,0.7360252385930049,0,1.366342387080764,0,4.520635371992628,4.082867665378239,2.284905184499669,0
0,0,0,0.595906707971402,3.545651497509776,0,0,2.973649844323552,0.8422236197653149,0,3.565915531687081,4.095659982602065,0,0.8591811938277527,0,0,0.2441099167360655,0,0,0
1.73361389328607,2.217258778939156,0.595906707971402,0,4.53443269017535,1.482619914462914,4.22378316127702,0,3.032633863343027,0,0,2.48589822889779,1.513795483601377,4.599584329765184,0,2.549150153359885,0,0.6328815686859074,0,0
0,1.156215904669605,3.545651497509776,4.53443269017535,0,4.150385868524321,1.293641597216159,1.962441291351324,0,0,0,4.072822296122862,0,0,0,0,3.430793291443579,3.900523593611469,4.120746781639679,4.942411215061434
0,4.261126088838646,0,1.482619914462914,4.150385868524321,0,2.727198939877129,0,3.791866511387861,1.803282524065559,0,0,3.510692558956246,0,1.114404792193331,0,1.991982134365496,4.690207379025971,1.134255729570202,0
0.07525388991020066,0,0,4.22378316127702,1.293641597216159,2.727198939877129,0,2.56634063914084,2.069124210542204,1.991835320697675,4.528401611500693,0,0,0.0469267924683181,0,0,0.8208990644564196,0.4042300567471646,0,4.751307592342643
0,0,2.973649844323552,0,1.962441291351324,0,2.56634063914084,0,1.280946071576983,0,1.792138184756662,0,4.122643123103517,0,0,1.347500052549116,0,0,0,2.184478592515293
2.5505962683064,1.132827952452349,0.8422236197653149,3.032633863343027,0,3.791866511387861,2.069124210542204,1.280946071576983,0,0.1596974336201534,0,0,1.328220068273893,4.906610572647663,3.683771033349561,0.6719364913745263,0,4.747037295063964,3.591398979497674,0
0,0,0,0,0,1.803282524065559,1.991835320697675,0,0.1596974336201534,0,1.290256243456422,3.665456127726378,0,0,2.30626490735355,0,0,0,4.437490689492966,2.610500968029861
0,2.089542237135476,3.565915531687081,0,0,0,4.528401611500693,1.792138184756662,0,1.290256243456422,0,4.93890562131806,1.612493695860234,0,1.498538160347912,0,0,0,0,1.36047680730984
0,0,4.095659982602065,2.48589822889779,4.072822296122862,0,0,0,0,3.665456127726378,4.93890562131806,0,2.96656691855751,0,3.232816656521553,0.0003696678852693758,0,1.969256705391679,0,0
4.721903412440238,0.7360252385930049,0,1.513795483601377,0,3.510692558956246,0,4.122643123103517,1.328220068273893,0,1.612493695860234,2.96656691855751,0,0.2397908570637269,1.220975609626932,2.021862663688538,4.507559178842651,0,0,2.777586622155241
0.834955827652098,0,0.8591811938277527,4.599584329765184,0,0,0.0469267924683181,0,4.906610572647663,0,0,0,0.2397908570637269,0,0,2.987557627385617,0,0.3194617964545338,4.840545126482573,0.3532914767421025
0.9155986549423029,1.366342387080764,0,0,0,1.114404792193331,0,0,3.683771033349561,2.30626490735355,1.498538160347912,3.232816656521553,1.220975609626932,0,0,0,2.769781766760477,3.649733513623581,1.441579162523769,0
2.249736121879911,0,0,2.549150153359885,0,0,0,1.347500052549116,0.6719364913745263,0,0,0.0003696678852693758,2.021862663688538,2.987557627385617,0,0,3.451073876730054,0,2.882694463910625,0
2.20546794467892,4.520635371992628,0.2441099167360655,0,3.430793291443579,1.991982134365496,0.8208990644564196,0,0,0,0,0,4.507559178842651,0,2.769781766760477,3.451073876730054,0,2.245343163921953,4.101245190273897,1.668987720762695
0,4.082867665378239,0,0.6328815686859074,3.900523593611469,4.690207379025971,0.4042300567471646,0,4.747037295063964,0,0,1.969256705391679,0,0.3194617964545338,3.649733513623581,0,2.245343163921953,0,0,3.085931206826205
0.5848809786102732,2.284905184499669,0,0,4.120746781639679,1.134255729570202,0,0,3.591398979497674,4.437490689492966,0,0,0,4.840545126482573,1.441579162523769,2.882694463910625,4.101245190273897,0,0,0.4948439131857751
0,0,0,0,4.942411215061434,0,4.751307592342643,2.184478592515293,0,2.610500968029861,1.36047680730984,0,2.777586622155241,0.3532914767421025,0,0,1.668987720762695,3.085931206826205,0.4948439131857751,0
0,4.699330691116634,0,2.760210075724631,0,0,0.9818129141645104,0,3.025717995371519,0,0,0,1.089431252586068,2.126213864512605,3.35214157566345,4.942681721432962,1.633502664855011,0,2.541565045201222,0
4.699330691116634,0,0,2.714936761871561,4.563681484256467,0.8752286687023431,0,0,0.5063331659539755,0,1.845277032371589,0,1.524310294543882,0,4.755689771992158,0,0.407261718220861,2.130250529898818,2.977776518477437,0
0,0,0,0.6460956665770229,0.6514776066617894,0,0,4.341164572212588,4.305624006854892,0,2.875051577370542,0.9448266632718311,0,4.422279331261806,0,0,4.06019870562376,0,0,0
2.760210075724631,2.714936761871561,0.6460956665770229,0,4.344940332541371,2.140890216029527,1.859919900978142,0,1.523920808212214,0,0,3.036071228268369,1.757611973214332,3.579168192852121,0,1.513500016733425,0,4.627126404932576,0,0
0,4.563681484256467,0.6514776066617894,4.344940332541371,0,3.481800233252215,2.199637094140565,3.026450595364845,0,0,0,3.116263917012088,0,0,0,0,4.644824006467887,4.18255385823374,1.091161318669874,3.689703757477595
0,0.8752286687023431,0,2.140890216029527,3.481800233252215,0,0.3378634634465816,0,0.8653470619604803,4.403609708818567,0,0,1.198565889676612,0,1.97804590733115,0,0.5223055739919569,3.026717903107421,4.895018024855319,0
0.9818129141645104,0,0,1.859919900978142,2.199637094140565,0.3378634634465816,0,3.57965626176624,0.9042251223611664,4.41252472892306,1.52571593038815,0,0,4.191517028194237,0,0,1.995127633996718,2.056161001324801,0,2.381882178348228
0,0,4.341164572212588,0,3.026450595364845,0,3.57965626176624,0,0.8138331572007435,0,4.437700370482276,0,4.021237703272964,0,0,4.9813425536359,0,0,0,0.8126125043423177
3.025717995371519,0.5063331659539755,4.305624006854892,1.523920808212214,0,0.8653470619604803,0.9042251223611664,0.8138331572007435,0,4.322564839965056,0,0,4.669700896839625,3.638348261078199,0.873053164880182,0.09745896350725369,0,4.511171300951526,4.723233643292827,0
0,0,0,0,0,4.403609708818567,4.41252472892306,0,4.322564839965056,0,2.162982684207097,3.658505473576322,0,0,0.5502252320109841,0,0,0,1.254634132520708,4.226800474052116
0,1.845277032371589,2.875051577370542,0,0,0,1.52571593038815,4.437700370482276,0,2.162982684207097,0,1.848197154229265,2.452559649703944,0,2.738286272162117,0,0,0,0,0.6265196215146918
0,0,0.9448266632718311,3.036071228268369,3.116263917012088,0,0,0,0,3.658505473576322,1.848197154229265,0,3.630963996350522,0,0.3106656434585986,0.8488313439819833,0,1.684429130425537,0,0
1.089431252586068,1.524310294543882,0,1.757611973214332,0,1.198565889676612,0,4.021237703272964,4.669700896839625,0,2.452559649703944,3.630963996350522,0,1.796402847065963,2.190976357768048,3.628381521837281,1.101691202239002,0,0,3.849098513883435
