15
20
0.07404208173447313
0.02344609630507816
0.03838305163105048
0.008880733898843382
0.03209522333172841
0.07279101854869066
0.07208514639738939
0.05489651011258136
0.06896195474515486
0.05151113422198757
0.08946189984553989
0.155179575564192
0.1122541608356755
0.05645079879845772
0.08956061402915755
0,1.984546157212271,0,0.02745131052789229,0,2.335332545390079,2.967751531296987,4.129670545297483,0,0,0,0,0,0,0.1648527604608835,4.469330841881102,4.944893351124954,2.336497886595641,3.287808166375466,0
1.984546157212271,0,0,0,0,0.3408593670241916,4.026016079557765,0,0,0,0,1.551765462038817,3.077859390051079,4.223582998668851,0,0,4.487799500517399,0.3354505287614934,4.94502781995707,1.437673182246246
0,0,0,0,0,1.33718786093234,0.9692604114851289,0,3.71256758920831,4.792269710222311,0,0,0,0,0,1.920420100205235,2.277359046231815,1.467957743502069,4.622732402025665,3.275252694282781
0.02745131052789229,0,0,0,0.9674301724604034,4.009111392043319,3.734711795540786,0,3.643798887514671,0,0,0,0,0,0,0,0,0,0.3855329385597844,0
0,0,0,0.9674301724604034,0,1.414130831626842,0.302575519244182,0,0,0,2.499642319380899,0,4.886525182135982,0,0,3.325992628645287,1.630471377497243,0,0,0
2.335332545390079,0.3408593670241916,1.33718786093234,4.009111392043319,1.414130831626842,0,1.499643467433719,4.639749685770949,3.6001809755937,2.940140788046178,4.324634357293433,0,1.488176148649924,0,0.9217130205988922,0.3789500978188848,1.358098690719465,0.7327468139812149,3.642939255624184,0.7800824542147045
2.967751531296987,4.026016079557765,0.9692604114851289,3.734711795540786,0.302575519244182,1.499643467433719,0,4.522577711756514,0.7973075121419337,0,2.868597520474517,0,4.207298977093812,2.270228905885607,0.1258248507996657,0,0,0,1.134254541711011,0.07736692487698427
4.129670545297483,0,0,0,0,4.639749685770949,4.522577711756514,0,0,3.044616280037114,0,1.685328982319391,0.6899187696036946,0,0,0,0.9384462211069078,0,0,0
0,0,3.71256758920831,3.643798887514671,0,3.6001809755937,0.7973075121419337,0,0,3.613159007099493,0.9039419244599994,1.802742221405876,1.128900543069316,0,0,0,3.262642065429609,0,4.140480843541814,0
0,0,4.792269710222311,0,0,2.940140788046178,0,3.044616280037114,3.613159007099493,0,0,0,0,0.5219208372161793,0,3.687097549765821,0,3.745913357981614,0,0
0,0,0,0,2.499642319380899,4.324634357293433,2.868597520474517,0,0.9039419244599994,0,0,0,0,1.541886346278903,1.007275461672692,0.0007612478778223908,0,1.933324402664538,0,0
0,1.551765462038817,0,0,0,0,0,1.685328982319391,1.802742221405876,0,0,0,0,0.8073241213019444,0.6706665053927052,1.344236654642715,3.720400515984135,0,0,2.74026839800686
0,3.077859390051079,0,0,4.886525182135982,1.488176148649924,4.207298977093812,0.6899187696036946,1.128900543069316,0,0,0,0,0,0,0,0,3.926745019796409,3.653369997280802,0
0,4.223582998668851,0,0,0,0,2.270228905885607,0,0,0.5219208372161793,1.541886346278903,0.8073241213019444,0,0,0,1.051672122636837,3.2702468711524,4.291566731080757,3.202774121109108,0
0.1648527604608835,0,0,0,0,0.9217130205988922,0.1258248507996657,0,0,0,1.007275461672692,0.6706665053927052,0,0,0,0,0,1.593552629599096,0,1.476035313610967
4.469330841881102,0,1.920420100205235,0,3.325992628645287,0.3789500978188848,0,0,0,3.687097549765821,0.0007612478778223908,1.344236654642715,0,1.051672122636837,0,0,0,0,0,0
4.944893351124954,4.487799500517399,2.277359046231815,0,1.630471377497243,1.358098690719465,0,0.9384462211069078,3.262642065429609,0,0,3.720400515984135,0,3.2702468711524,0,0,0,1.04867712626683,0,3.91345365595516
2.336497886595641,0.3354505287614934,1.467957743502069,0,0,0.7327468139812149,0,0,0,3.745913357981614,1.933324402664538,0,3.926745019796409,4.291566731080757,1.593552629599096,0,1.04867712626683,0,2.881390667921544,0
3.287808166375466,4.94502781995707,4.622732402025665,0.3855329385597844,0,3.642939255624184,1.134254541711011,0,4.140480843541814,0,0,0,3.653369997280802,3.202774121109108,0,0,0,2.881390667921544,0,4.290902437520541
0,1.437673182246246,3.275252694282781,0,0,0.7800824542147045,0.07736692487698427,0,0,0,0,2.74026839800686,0,0,1.476035313610967,0,3.91345365595516,0,4.290902437520541,0
0,0,2.86267759422861,0,4.053933421291923,0,0,0,1.336765111815657,1.454520723532686,3.763318887287656,4.090261821577436,1.662616868344785,4.653704392158178,0,0,0,0,0,1.474377824812717
0,0,4.822842486661102,4.766670657179224,3.139662522491256,0,0,0.599886139059807,4.9533738995603,1.779035601284104,0.3802097096505236,0,0,0,4.641280675372594,1.39195381031665,0,0,0,0
2.86267759422861,4.822842486661102,0,3.152841670029564,1.169470391232063,0,0,3.725521322581696,0,0,1.300152321020737,2.302493552038766,4.539413581028636,0.7358634016809507,1.152256505543745,0,0,0,0,0
0,4.766670657179224,3.152841670029564,0,0,0,0,1.482143304902757,0,2.564860901710533,0.03803805011150629,1.333701248115062,3.874245552532706,0.8466749745201319,2.437096961035663,1.16248489578006,3.621967284189864,2.05681498936132,0,2.671064459379054
4.053933421291923,3.139662522491256,1.169470391232063,0,0,0,0,4.184814953201724,3.869805750885842,4.902542468523835,0,0.09802499671315745,0,3.938495373595852,2.90969866383755,0,0,2.751057945969812,3.265999672018816,2.897907350205277
0,0,0,0,0,0,0,0,0,0,0,2.74049639937115,0,2.281861975597632,0,0,0,0,0,0
0,0,0,0,0,0,0,0,0,4.018562162227712,0,3.163790223442939,0,0,0,0.7919726714430264,0.02471356711236883,1.863594690745511,0,0
0,0.599886139059807,3.725521322581696,1.482143304902757,4.184814953201724,0,0,0,0.09323544803244987,0,4.379707547598396,0,0,2.198250309108204,4.75690998319862,3.357429457860736,0,3.157068957327839,2.147362191397698,4.8301188626671
1.336765111815657,4.9533738995603,0,0,3.869805750885842,0,0,0.09323544803244987,0,0,0,0,0,4.786064230955082,2.424832593835673,4.191674386211354,0,3.568829135025464,0,4.546275308358875
1.454520723532686,1.779035601284104,0,2.564860901710533,4.902542468523835,0,4.018562162227712,0,0,0,0.3752542810708048,0.06177552296365851,1.933026475022054,0,1.81479983168026,0,0.08031833574578706,0,3.52248521726272,4.284535726551935
3.763318887287656,0.3802097096505236,1.300152321020737,0.03803805011150629,0,0,0,4.379707547598396,0,0.3752542810708048,0,1.437480288872117,3.777946220564845,0,0,0,4.013769707077195,0,4.612146124208028,4.216571000325419
4.090261821577436,0,2.302493552038766,1.333701248115062,0.09802499671315745,2.74049639937115,3.163790223442939,0,0,0.06177552296365851,1.437480288872117,0,1.381051762960626,0,0,0,0,1.106802688202926,1.911675461611744,0
1.662616868344785,0,4.539413581028636,3.874245552532706,0,0,0,0,0,1.933026475022054,3.777946220564845,1.381051762960626,0,2.794401695435651,3.720678439029343,1.086825262126994,2.414004181014484,0,0,4.196827823377223
4.653704392158178,0,0.7358634016809507,0.8466749745201319,3.938495373595852,2.281861975597632,0,2.198250309108204,4.786064230955082,0,0,0,2.794401695435651,0,4.697795146430883,0,0,0,0,2.885579559911247
0,4.641280675372594,1.152256505543745,2.437096961035663,2.90969866383755,0,0,4.75690998319862,2.424832593835673,1.81479983168026,0,0,3.720678439029343,4.697795146430883,0,1.025639899198408,2.767962965245324,0,4.489305690690657,0
0,1.39195381031665,0,1.16248489578006,0,0,0.7919726714430264,3.357429457860736,4.191674386211354,0,0,0,1.086825262126994,0,1.025639899198408,0,2.537921504468087,0.5653602817561881,1.837864630616103,1.467559218907241
0,0,0,3.621967284189864,0,0,0.02471356711236883,0,0,0.08031833574578706,4.013769707077195,0,2.414004181014484,0,2.767962965245324,2.537921504468087,0,0,4.17575436077602,0
0,0,0,2.05681498936132,2.751057945969812,0,1.863594690745511,3.157068957327839,3.568829135025464,0,0,1.106802688202926,0,0,0,0.5653602817561881,0,0,0,0.1650539475997964
0,0,0,0,3.265999672018816,0,0,2.147362191397698,0,3.52248521726272,4.612146124208028,1.911675461611744,0,0,4.489305690690657,1.837864630616103,4.17575436077602,0,0,0
1.474377824812717,0,0,2.671064459379054,2.897907350205277,0,0,4.8301188626671,4.546275308358875,4.284535726551935,4.216571000325419,0,4.196827823377223,2.885579559911247,0,1.467559218907241,0,0.1650539475997964,0,0
0,0,2.015345671820929,0,2.823607581982285,0,0,0,1.480085102481637,0.2859167297682041,0.9969692351680204,1.115411906331301,1.356239704198967,2.949980986461776,0,0,0,0,0,1.364125225205252
0,0,2.845870970047208,0.9043810318995443,2.862980386806713,0,0,2.059881966849258,3.845789925748146,0.9659722121090814,0.4109283901090233,0,0,0,2.813168768772202,1.237841668334649,0,0,0,0
2.015345671820929,2.845870970047208,0,1.965916507090258,1.443626696015341,0,0,3.719272688068954,0,0,3.678128882639162,0.763329699873464,3.044413657981756,1.54956300223722,3.132377678286533,0,0,0,0,0
0,0.9043810318995443,1.965916507090258,0,0,0,0,4.077516211575822,0,4.796676345371005,1.230907789512287,0.6099551405797271,2.545106043704655,3.105754191854071,1.783917197800776,0.5850864288595403,2.03351707387578,4.350028785138612,0,2.269596169240177
2.823607581982285,2.862980386806713,1.443626696015341,0,0,0,0,1.736967151052036,1.563604891038978,3.821654713078994,0,4.385067988335739,0,1.548771454178519,0.7386337776783797,0,0,3.223888139181723,3.857049599034527,3.419670770107661
0,0,0,0,0,0,0,0,0,0,0,0.2170683362737208,0,4.550886494528611,0,0,0,0,0,0
0,0,0,0,0,0,0,0,0,3.670774451790699,0,3.948519265722088,0,0,0,4.668212113691297,1.761173559998379,3.760046280852654,0,0
0,2.059881966849258,3.719272688068954,4.077516211575822,1.736967151052036,0,0,0,4.513635797912319,0,2.366609089433226,0,0,4.019209404847774,2.358038847539625,0.5480717000345586,0,3.112132152733816,3.898612713144669,4.64940275025972
1.480085102481637,3.845789925748146,0,0,1.563604891038978,0,0,4.513635797912319,0,0,0,0,0,2.158325646466817,3.278251496801961,3.299553193143461,0,0.5118349221137142,0,3.214064871309159
0.2859167297682041,0.9659722121090814,0,4.796676345371005,3.821654713078994,0,3.670774451790699,0,0,0,1.957450002343797,3.610180533025766,4.686481927964616,0,2.268568034506185,0,2.127572774688462,0,3.681436765673674,4.503192341578068
0.9969692351680204,0.4109283901090233,3.678128882639162,1.230907789512287,0,0,0,2.366609089433226,0,1.957450002343797,0,4.336898330636409,1.8300173937978,0,0,0,1.971690328401092,0,4.6715423070743,0.5694877821904015
1.115411906331301,0,0.763329699873464,0.6099551405797271,4.385067988335739,0.2170683362737208,3.948519265722088,0,0,3.610180533025766,4.336898330636409,0,3.076193620726158,0,0,0,0,3.002826849047147,2.238166794681995,0
1.356239704198967,0,3.044413657981756,2.545106043704655,0,0,0,0,0,4.686481927964616,1.8300173937978,3.076193620726158,0,1.50846169327646,3.436616467309239,0.5767783527555254,2.164506921868832,0,0,2.603051315828036
2.949980986461776,0,1.54956300223722,3.105754191854071,1.548771454178519,4.550886494528611,0,4.019209404847774,2.158325646466817,0,0,0,1.50846169327646,0,3.8135288466878,0,0,0,0,4.395273318882641
0,2.813168768772202,3.132377678286533,1.783917197800776,0.7386337776783797,0,0,2.358038847539625,3.278251496801961,2.268568034506185,0,0,3.436616467309239,3.8135288466878,0,3.898751474770652,3.597595680622257,0,3.25584044306485,0
0,1.237841668334649,0,0.5850864288595403,0,0,4.668212113691297,0.5480717000345586,3.299553193143461,0,0,0,0.5767783527555254,0,3.898751474770652,0,2.495602534885232,1.995998530023986,2.110124920003177,3.922775599162234
0,0,0,2.03351707387578,0,0,1.761173559998379,0,0,2.127572774688462,1.971690328401092,0,2.164506921868832,0,3.597595680622257,2.495602534885232,0,0,4.2632999869341,0
0,0,0,4.350028785138612,3.223888139181723,0,3.760046280852654,3.112132152733816,0.5118349221137142,0,0,3.002826849047147,0,0,0,1.995998530023986,0,0,0,2.020058433515044
0,0,0,0,3.857049599034527,0,0,3.898612713144669,0,3.681436765673674,4.6715423070743,2.238166794681995,0,0,3.25584044306485,2.110124920003177,4.2632999869341,0,0,0
1.364125225205252,0,0,2.269596169240177,3.419670770107661,0,0,4.64940275025972,3.214064871309159,4.503192341578068,0.5694877821904015,0,2.603051315828036,4.395273318882641,0,3.922775599162234,0,2.020058433515044,0,0
0,0,2.616610020089487,0,0.2784101064561567,0,0,0,0.4623681590934747,3.494504110065837,3.391584976985359,3.66451729891023,0.1598698518955183,0.2822403486143088,0,0,0,0,0,0.4044550281642573
0,0,2.888359766422697,0.3677262393945802,3.690934810259279,0,0,3.990333803093028,2.930490388740249,0.4552793736265104,1.548580761655213,0,0,0,1.514928424347417,2.843837373916891,0,0,0,0
2.616610020089487,2.888359766422697,0,3.399802609761808,0.1134891705822061,0,0,1.329711596352838,0,0,2.393091975426965,1.278942743533388,2.722783935981328,2.091220134288293,1.219711288968962,0,0,0,0,0
0,0.3677262393945802,3.399802609761808,0,0,0,0,4.46256254686946,0,0.922217741809554,3.048648484292257,0.754263723903742,0.1287589979125531,2.123056375290509,1.066672720066987,0.6518820076280485,0.9318150841231665,3.550000884967908,0,3.962134421292205
0.2784101064561567,3.690934810259279,0.1134891705822061,0,0,0,0,1.74214444968358,0.5379623063888439,3.594501608539458,0,2.3005157957053,0,0.5925795372742881,3.147654092300434,0,0,4.225646109466243,2.075874201370897,2.136514659146122
0,0,0,0,0,0,0,0,0,0,0,2.667901969122406,0,2.753355497650868,0,0,0,0,0,0
0,0,0,0,0,0,0,0,0,2.46085611100856,0,0.2977964361932711,0,0,0,1.183825505905684,2.723673548062553,3.26289560394667,0,0
0,3.990333803093028,1.329711596352838,4.46256254686946,1.74214444968358,0,0,0,0.9830236804246334,0,3.761068904562268,0,0,4.088325114406169,4.937677994038835,3.619812740641049,0,3.291343421945488,1.983336579499166,1.182452816431059
0.4623681590934747,2.930490388740249,0,0,0.5379623063888439,0,0,0.9830236804246334,0,0,0,0,0,4.019071049227287,0.1912599473841026,2.40588040844004,0,2.236444339757597,0,3.143427610783585
3.494504110065837,0.4552793736265104,0,0.922217741809554,3.594501608539458,0,2.46085611100856,0,0,0,1.774925637073601,4.392926504992596,0.7977061378633171,0,0.3239682078917094,0,0.146892175095838,0,3.283435724080132,4.757477715737346
3.391584976985359,1.548580761655213,2.393091975426965,3.048648484292257,0,0,0,3.761068904562268,0,1.774925637073601,0,4.301054061184994,2.753070710906717,0,0,0,1.313679250811662,0,4.124059691012269,4.680896352846521
3.66451729891023,0,1.278942743533388,0.754263723903742,2.3005157957053,2.667901969122406,0.2977964361932711,0,0,4.392926504992596,4.301054061184994,0,1.474260599254777,0,0,0,0,2.180466218247434,1.799456534529782,0
0.1598698518955183,0,2.722783935981328,0.1287589979125531,0,0,0,0,0,0.7977061378633171,2.753070710906717,1.474260599254777,0,2.303074122501174,3.056467754460463,0.4293575376066472,3.099038448407753,0,0,1.907045764450777
0.2822403486143088,0,2.091220134288293,2.123056375290509,0.5925795372742881,2.753355497650868,0,4.088325114406169,4.019071049227287,0,0,0,2.303074122501174,0,4.8290132445103,0,0,0,0,0.9217672384077896
0,1.514928424347417,1.219711288968962,1.066672720066987,3.147654092300434,0,0,4.937677994038835,0.1912599473841026,0.3239682078917094,0,0,3.056467754460463,4.8290132445103,0,4.225099008924102,1.142392408009912,0,1.230265613379911,0
0,2.843837373916891,0,0.6518820076280485,0,0,1.183825505905684,3.619812740641049,2.40588040844004,0,0,0,0.4293575376066472,0,4.225099008924102,0,4.557487591813886,4.714396287502237,2.878547880692507,0.3790943966599009
0,0,0,0.9318150841231665,0,0,2.723673548062553,0,0,0.146892175095838,1.313679250811662,0,3.099038448407753,0,1.142392408009912,4.557487591813886,0,0,3.219485416454187,0
0,0,0,3.550000884967908,4.225646109466243,0,3.26289560394667,3.291343421945488,2.236444339757597,0,0,2.180466218247434,0,0,0,4.714396287502237,0,0,0,4.794721185524763
0,0,0,0,2.075874201370897,0,0,1.983336579499166,0,3.283435724080132,4.124059691012269,1.799456534529782,0,0,1.230265613379911,2.878547880692507,3.219485416454187,0,0,0
0.4044550281642573,0,0,3.962134421292205,2.136514659146122,0,0,1.182452816431059,3.143427610783585,4.757477715737346,4.680896352846521,0,1.907045764450777,0.9217672384077896,0,0.3790943966599009,0,4.794721185524763,0,0
0,0,1.962430071499593,0,1.615482030185236,0,0,0,3.629159060465534,3.191665439766291,3.955003696687926,3.387795454868929,4.346662299330031,4.410797514245014,0,0,0,0,0,0.9317291476367046
0,0,4.687438926278173,4.940158703864322,2.541107649953264,0,0,1.263600302843591,3.954266294437015,1.566174116537953,4.277477905524947,0,0,0,3.850734074082231,0.2567386439299874,0,0,0,0
1.962430071499593,4.687438926278173,0,0.6501676429574643,1.457185783421892,0,0,0.5670916292640638,0,0,4.356874641762362,1.958229027952144,3.765588717340089,1.050878509391715,2.213400616568963,0,0,0,0,0
0,4.940158703864322,0.6501676429574643,0,0,0,0,2.947913860941227,0,1.003688521186083,4.922567911416808,3.339529645038111,4.877637637586822,3.385417336199945,1.144191705134386,3.709120518551154,0.2579211900142586,4.711833663461055,0,1.093883424608626
1.615482030185236,2.541107649953264,1.457185783421892,0,0,0,0,0.2076346186023159,3.472912104965211,4.403310343753942,0,4.89969403029726,0,2.427140425967873,0.9215136331947293,0,0,2.974994714292569,0.7453535440400727,1.384027672951645
0,0,0,0,0,0,0,0,0,0,0,4.126339025153229,0,2.146087691238617,0,0,0,0,0,0
0,0,0,0,0,0,0,0,0,2.009209397734169,0,1.947027771564549,0,0,0,0.3777698223953396,0.4603202650132099,2.759695379859268,0,0
0,1.263600302843591,0.5670916292640638,2.947913860941227,0.2076346186023159,0,0,0,3.045173638493787,0,0.9052414886149734,0,0,1.15763920561741,4.264605561768865,4.41301049383931,0,0.8854223535825506,1.786145328280826,0.487610789852001
3.629159060465534,3.954266294437015,0,0,3.472912104965211,0,0,3.045173638493787,0,0,0,0,0,3.99094598110977,0.9496138449571351,4.263823536347888,0,3.463973939833054,0,0.5923554013221732
3.191665439766291,1.566174116537953,0,1.003688521186083,4.403310343753942,0,2.009209397734169,0,0,0,1.223944962989094,1.937233526911789,3.898549655063013,0,4.253810649529905,0,3.92088330374165,0,4.455480734425444,4.500234119919747
3.955003696687926,4.277477905524947,4.356874641762362,4.922567911416808,0,0,0,0.9052414886149734,0,1.223944962989094,0,2.753161842608533,1.107147221276026,0,0,0,1.419141778770115,0,0.9179106252944086,3.441821722608928
3.387795454868929,0,1.958229027952144,3.339529645038111,4.89969403029726,4.126339025153229,1.947027771564549,0,0,1.937233526911789,2.753161842608533,0,2.591377352437473,0,0,0,0,0.8678027482529976,0.7223350592132582,0
4.346662299330031,0,3.765588717340089,4.877637637586822,0,0,0,0,0,3.898549655063013,1.107147221276026,2.591377352437473,0,4.604591598532522,0.411707608838951,0.7731628853579148,1.151281017812453,0,0,3.09622624886108
4.410797514245014,0,1.050878509391715,3.385417336199945,2.427140425967873,2.146087691238617,0,1.15763920561741,3.99094598110977,0,0,0,4.604591598532522,0,2.463587885282838,0,0,0,0,1.007286693565733
0,3.850734074082231,2.213400616568963,1.144191705134386,0.9215136331947293,0,0,4.264605561768865,0.9496138449571351,4.253810649529905,0,0,0.411707608838951,2.463587885282838,0,2.30642564275791,0.06345948849178606,0,1.170122719538129,0
0,0.2567386439299874,0,3.709120518551154,0,0,0.3777698223953396,4.41301049383931,4.263823536347888,0,0,0,0.7731628853579148,0,2.30642564275791,0,3.651717038396685,1.071623304341864,0.9301152740075114,2.35840231619596
0,0,0,0.2579211900142586,0,0,0.4603202650132099,0,0,3.92088330374165,1.419141778770115,0,1.151281017812453,0,0.06345948849178606,3.651717038396685,0,0,4.925038826841454,0
0,0,0,4.711833663461055,2.974994714292569,0,2.759695379859268,0.8854223535825506,3.463973939833054,0,0,0.8678027482529976,0,0,0,1.071623304341864,0,0,0,2.977598946042268
0,0,0,0,0.7453535440400727,0,0,1.786145328280826,0,4.455480734425444,0.9179106252944086,0.7223350592132582,0,0,1.170122719538129,0.9301152740075114,4.925038826841454,0,0,0
0.9317291476367046,0,0,1.093883424608626,1.384027672951645,0,0,0.487610789852001,0.5923554013221732,4.500234119919747,3.441821722608928,0,3.09622624886108,1.007286693565733,0,2.35840231619596,0,2.977598946042268,0,0
0,0,0.3351255307525264,0,4.668073515821096,0,0,0,3.587301372392124,3.23854605177406,3.631061533027633,4.860490720030244,1.238233819373286,4.247577958433025,0,0,0,0,0,3.800046763345046
0,0,0.3078010647363927,2.139529842112614,4.324132991420856,0,0,2.937396690177104,2.744624282069373,4.791718963579231,2.371486688258473,0,0,0,2.536100986960274,4.11582937108761,0,0,0,0
0.3351255307525264,0.3078010647363927,0,0.3511909235798061,1.770413067940171,0,0,0.244903564026171,0,0,1.612763319990116,4.823032557954892,4.386295535751682,3.837274338687621,3.913927913467734,0,0,0,0,0
0,2.139529842112614,0.3511909235798061,0,0,0,0,4.075942431453486,0,3.29560345780616,4.896555950222515,1.682752938178774,1.211842095771173,0.8940509289823545,3.823910241975088,0.6915663221545704,4.71982001866426,2.400856308954139,0,1.532548622705931
4.668073515821096,4.324132991420856,1.770413067940171,0,0,0,0,1.956591872819469,3.708756244137809,0.05325150421137237,0,2.847374555391152,0,2.07638854226496,0.4144628091439378,0,0,1.654932532580062,2.471593876557139,4.890201925878945
0,0,0,0,0,0,0,0,0,0,0,2.831372853256009,0,1.995267869679118,0,0,0,0,0,0
0,0,0,0,0,0,0,0,0,4.313005356471687,0,2.101170590680557,0,0,0,3.36277758068969,1.361619364574472,4.254598950700041,0,0
0,2.937396690177104,0.244903564026171,4.075942431453486,1.956591872819469,0,0,0,2.614355551803379,0,0.1066787747525105,0,0,3.206291822082203,1.545384876104439,0.002465628420430521,0,3.129243544814183,3.297362231929049,2.048871626641486
3.587301372392124,2.744624282069373,0,0,3.708756244137809,0,0,2.614355551803379,0,0,0,0,0,4.97620506638521,4.643726390009117,2.407640603743908,0,1.664779568722932,0,4.594861809503661
3.23854605177406,4.791718963579231,0,3.29560345780616,0.05325150421137237,0,4.313005356471687,0,0,0,0.5401415560125006,1.232152227412516,0.8873113809286526,0,1.397164902062449,0,4.904074191818516,0,2.455397549559974,0.03268463301223989
3.631061533027633,2.371486688258473,1.612763319990116,4.896555950222515,0,0,0,0.1066787747525105,0,0.5401415560125006,0,2.286192491169689,1.279723965636181,0,0,0,3.5682216141981,0,1.965540467242723,1.535558956445714
4.860490720030244,0,4.823032557954892,1.682752938178774,2.847374555391152,2.831372853256009,2.101170590680557,0,0,1.232152227412516,2.286192491169689,0,3.694618918537945,0,0,0,0,0.9744699142709445,4.083194580995773,0
1.238233819373286,0,4.386295535751682,1.211842095771173,0,0,0,0,0,0.8873113809286526,1.279723965636181,3.694618918537945,0,4.430905176014023,1.885012277276775,4.010900325221606,3.50274239127051,0,0,3.02380108518292
4.247577958433025,0,3.837274338687621,0.8940509289823545,2.07638854226496,1.995267869679118,0,3.206291822082203,4.97620506638521,0,0,0,4.430905176014023,0,2.774715775947479,0,0,0,0,0.6598022664827169
0,2.536100986960274,3.913927913467734,3.823910241975088,0.4144628091439378,0,0,1.545384876104439,4.643726390009117,1.397164902062449,0,0,1.885012277276775,2.774715775947479,0,3.395627282543614,0.601119248010048,0,2.74217497407135,0
0,4.11582937108761,0,0.6915663221545704,0,0,3.36277758068969,0.002465628420430521,2.407640603743908,0,0,0,4.010900325221606,0,3.395627282543614,0,4.498560904888385,0.8522619090708311,0.1111317867896927,1.995780552899636
0,0,0,4.71982001866426,0,0,1.361619364574472,0,0,4.904074191818516,3.5682216141981,0,3.50274239127051,0,0.601119248010048,4.498560904888385,0,0,4.894909670398295,0
0,0,0,2.400856308954139,1.654932532580062,0,4.254598950700041,3.129243544814183,1.664779568722932,0,0,0.9744699142709445,0,0,0,0.8522619090708311,0,0,0,4.665392236034092
0,0,0,0,2.471593876557139,0,0,3.297362231929049,0,2.455397549559974,1.965540467242723,4.083194580995773,0,0,2.74217497407135,0.1111317867896927,4.894909670398295,0,0,0
3.800046763345046,0,0,1.532548622705931,4.890201925878945,0,0,2.048871626641486,4.594861809503661,0.03268463301223989,1.535558956445714,0,3.02380108518292,0.6598022664827169,0,1.995780552899636,0,4.665392236034092,0,0
0,0,3.892594432824018,0,4.263789229620171,0,0,0,3.104340480762675,4.4130153298907,0.8759817936221648,2.058001760229117,4.927109037877345,2.843698607990439,0,0,0,0,0,4.548045094658342
0,0,3.294983183125784,3.794912010547669,0.7011918469338591,0,0,0.1836671403737988,0.3820996542199462,3.192321404964262,1.621185693711246,0,0,0,3.062925798159086,0.1847272349077389,0,0,0,0
3.892594432824018,3.294983183125784,0,0.2269183470394098,3.248151557042687,0,0,1.380597890233078,0,0,2.805116427641363,2.597119416272772,4.468868055991829,1.212728621974977,3.57914668229766,0,0,0,0,0
0,3.794912010547669,0.2269183470394098,0,0,0,0,2.775638848246229,0,3.695525545651202,3.095973187236016,3.088426243070704,4.505058860071686,4.437278186062414,1.980717751363313,0.9357604572342215,2.103100200070724,2.173055947724997,0,3.657687459002809
4.263789229620171,0.7011918469338591,3.248151557042687,0,0,0,0,4.331532510103296,1.984653052622721,2.857676852734978,0,4.371521341961805,0,4.579205177066265,1.069638563287412,0,0,1.057042879619537,4.243471943036015,4.824586418884299
0,0,0,0,0,0,0,0,0,0,0,1.096187385369976,0,0.3164830158467552,0,0,0,0,0,0
0,0,0,0,0,0,0,0,0,0.904181988904002,0,3.320360945262451,0,0,0,0.4216373211687752,2.953640075742876,2.126243303213062,0,0
0,0.1836671403737988,1.380597890233078,2.775638848246229,4.331532510103296,0,0,0,3.533651652210604,0,0.6463571416049979,0,0,1.289049156664748,4.758680456516224,0.509717943928486,0,4.38227826830073,1.970859421775069,0.6558630428948437
3.104340480762675,0.3820996542199462,0,0,1.984653052622721,0,0,3.533651652210604,0,0,0,0,0,1.059022009954305,2.914898529603945,1.361479362960106,0,4.608744248097326,0,3.119905366232177
4.4130153298907,3.192321404964262,0,3.695525545651202,2.857676852734978,0,0.904181988904002,0,0,0,0.5614460049738523,0.5586177673135179,4.026467464059431,0,4.559598089686863,0,3.449720963728477,0,1.708886038964433,0.2096610161809753
0.8759817936221648,1.621185693711246,2.805116427641363,3.095973187236016,0,0,0,0.6463571416049979,0,0.5614460049738523,0,4.250122167536753,3.676267195405813,0,0,0,0.9707234427369271,0,4.563910735242983,4.303272762266206
2.058001760229117,0,2.597119416272772,3.088426243070704,4.371521341961805,1.096187385369976,3.320360945262451,0,0,0.5586177673135179,4.250122167536753,0,3.720105428195864,0,0,0,0,0.9456041816631922,0.908557449887476,0
4.927109037877345,0,4.468868055991829,4.505058860071686,0,0,0,0,0,4.026467464059431,3.676267195405813,3.720105428195864,0,4.397369072901994,2.024848242978126,4.82236117242475,4.904962514678465,0,0,2.677773344780169
2.843698607990439,0,1.212728621974977,4.437278186062414,4.579205177066265,0.3164830158467552,0,1.289049156664748,1.059022009954305,0,0,0,4.397369072901994,0,3.261185879895034,0,0,0,0,4.111033822972741
0,3.062925798159086,3.57914668229766,1.980717751363313,1.069638563287412,0,0,4.758680456516224,2.914898529603945,4.559598089686863,0,0,2.024848242978126,3.261185879895034,0,3.985774403740701,3.164891236939885,0,1.964116795187386,0
0,0.1847272349077389,0,0.9357604572342215,0,0,0.4216373211687752,0.509717943928486,1.361479362960106,0,0,0,4.82236117242475,0,3.985774403740701,0,4.024624151701427,1.734423120614282,3.290002794875457,4.555558590060736
0,0,0,2.103100200070724,0,0,2.953640075742876,0,0,3.449720963728477,0.9707234427369271,0,4.904962514678465,0,3.164891236939885,4.024624151701427,0,0,3.413130776616355,0
0,0,0,2.173055947724997,1.057042879619537,0,2.126243303213062,4.38227826830073,4.608744248097326,0,0,0.9456041816631922,0,0,0,1.734423120614282,0,0,0,4.685204009027085
0,0,0,0,4.243471943036015,0,0,1.970859421775069,0,1.708886038964433,4.563910735242983,0.908557449887476,0,0,1.964116795187386,3.290002794875457,3.413130776616355,0,0,0
4.548045094658342,0,0,3.657687459002809,4.824586418884299,0,0,0.6558630428948437,3.119905366232177,0.2096610161809753,4.303272762266206,0,2.677773344780169,4.111033822972741,0,4.555558590060736,0,4.685204009027085,0,0
0,0,3.821549469882668,0,3.433863509101366,0,0,0,1.880575190011038,0.8203525914677906,0.5160804543151698,0.2561344320710079,0.6379319167530217,2.30292762832136,0,0,0,0,0,3.223114514070984
0,0,0.4969905182503143,4.615830206379736,3.285679781552342,0,0,3.40815063265854,2.371582673303259,1.040700050384528,2.300219077936681,0,0,0,3.432882091198391,1.335853603733141,0,0,0,0
3.821549469882668,0.4969905182503143,0,2.769639793656654,3.03800850281911,0,0,3.286798307994852,0,0,1.229250184594064,0.6044192754063077,4.279157251907259,4.430706297543764,1.223167022016572,0,0,0,0,0
0,4.615830206379736,2.769639793656654,0,0,0,0,4.072870026925629,0,1.871839239395042,4.741589842457909,3.876628082961084,2.24191891487311,0.7996729197653407,4.113296238566861,1.982378629201665,2.980721124114647,2.56036274111952,0,2.299629818299973
3.433863509101366,3.285679781552342,3.03800850281911,0,0,0,0,0.1262972119021627,1.732928666114125,4.858016903160732,0,1.20762208249624,0,0.7972883279661985,2.632180408228607,0,0,3.128437726634909,3.388929657150646,3.640269864386834
0,0,0,0,0,0,0,0,0,0,0,1.616688296439505,0,3.580958598798806,0,0,0,0,0,0
0,0,0,0,0,0,0,0,0,4.627839222207751,0,3.172353524659814,0,0,0,0.3108379598440092,0.02313661977078385,2.872003130139976,0,0
0,3.40815063265854,3.286798307994852,4.072870026925629,0.1262972119021627,0,0,0,1.765981204560415,0,4.300261130971163,0,0,0.6205346586811228,0.5682434066810488,1.851920142425824,0,0.8910148928156914,0.8923876984651719,3.772833642322006
1.880575190011038,2.371582673303259,0,0,1.732928666114125,0,0,1.765981204560415,0,0,0,0,0,1.645094247964694,0.07705206613998095,3.65597854259376,0,3.162454939449475,0,1.287924524305745
0.8203525914677906,1.040700050384528,0,1.871839239395042,4.858016903160732,0,4.627839222207751,0,0,0,1.336022730527361,4.233905693963468,2.81191905540668,0,0.2988508690057989,0,3.898426890203622,0,4.813543687894301,4.354460886654707
0.5160804543151698,2.300219077936681,1.229250184594064,4.741589842457909,0,0,0,4.300261130971163,0,1.336022730527361,0,1.738891760422133,1.577726111425339,0,0,0,2.900402194561215,0,2.670851461939063,4.742292472301972
0.2561344320710079,0,0.6044192754063077,3.876628082961084,1.20762208249624,1.616688296439505,3.172353524659814,0,0,4.233905693963468,1.738891760422133,0,2.017297210388121,0,0,0,0,4.649458274595095,4.164863962941778,0
0.6379319167530217,0,4.279157251907259,2.24191891487311,0,0,0,0,0,2.81191905540668,1.577726111425339,2.017297210388121,0,4.851715459706365,3.436889994200465,0.9839606851969918,0.8175759898259449,0,0,3.65055823297
2.30292762832136,0,4.430706297543764,0.7996729197653407,0.7972883279661985,3.580958598798806,0,0.6205346586811228,1.645094247964694,0,0,0,4.851715459706365,0,4.865645289369315,0,0,0,0,3.676715007195595
0,3.432882091198391,1.223167022016572,4.113296238566861,2.632180408228607,0,0,0.5682434066810488,0.07705206613998095,0.2988508690057989,0,0,3.436889994200465,4.865645289369315,0,1.177874045917016,0.07605399301157445,0,3.773973917137872,0
0,1.335853603733141,0,1.982378629201665,0,0,0.3108379598440092,1.851920142425824,3.65597854259376,0,0,0,0.9839606851969918,0,1.177874045917016,0,2.239671012070274,3.100946300505622,2.293246798082265,2.140111245629171
0,0,0,2.980721124114647,0,0,0.02313661977078385,0,0,3.898426890203622,2.900402194561215,0,0.8175759898259449,0,0.07605399301157445,2.239671012070274,0,0,3.927388734859965,0
0,0,0,2.56036274111952,3.128437726634909,0,2.872003130139976,0.8910148928156914,3.162454939449475,0,0,4.649458274595095,0,0,0,3.100946300505622,0,0,0,3.778695660514325
0,0,0,0,3.388929657150646,0,0,0.8923876984651719,0,4.813543687894301,2.670851461939063,4.164863962941778,0,0,3.773973917137872,2.293246798082265,3.927388734859965,0,0,0
3.223114514070984,0,0,2.299629818299973,3.640269864386834,0,0,3.772833642322006,1.287924524305745,4.354460886654707,4.742292472301972,0,3.65055823297,3.676715007195595,0,2.140111245629171,0,3.778695660514325,0,0
0,0,2.842648612986107,0,0.8361886374312399,0,0,0,3.153357977137854,3.333342121444953,4.087727112078949,1.57635272542439,2.66476724723639,0.3380249927845186,0,0,0,0,0,2.587246531305069
0,0,3.043344326972066,4.360578743267257,2.964968792138468,0,0,4.134099624936478,4.24863748004601,1.665610769754036,3.3708730436691,0,0,0,0.4195272099828479,1.510949339392644,0,0,0,0
2.842648612986107,3.043344326972066,0,4.454080934357004,3.780839617981457,0,0,3.133504932748064,0,0,0.6724420435440892,4.574473434552247,3.416221393787046,1.487715712278245,3.689161461731485,0,0,0,0,0
0,4.360578743267257,4.454080934357004,0,0,0,0,0.1917695751751136,0,4.88039849297889,1.868803783678917,3.66468140051708,0.3139696364942679,0.4892277429496372,2.625139567419503,1.679977505109509,2.567720943485551,2.622449825999005,0,2.02521442665452
0.8361886374312399,2.964968792138468,3.780839617981457,0,0,0,0,0.8568911995840256,0.2717948165706213,2.668149187111363,0,0.5877969722516757,0,1.018039586491987,3.333521405365154,0,0,1.315307515659291,2.229641145768817,3.623886523160708
0,0,0,0,0,0,0,0,0,0,0,0.3252165387902495,0,3.599618406915821,0,0,0,0,0,0
0,0,0,0,0,0,0,0,0,4.110181112550274,0,4.426516231735183,0,0,0,3.475844500520463,0.1537536765418962,3.841269761335569,0,0
0,4.134099624936478,3.133504932748064,0.1917695751751136,0.8568911995840256,0,0,0,3.794471883242646,0,3.983546579077953,0,0,2.03528887441995,0.5863689173238817,4.573445964804728,0,3.227869396327578,0.2714751527476122,1.740515694628206
3.153357977137854,4.24863748004601,0,0,0.2717948165706213,0,0,3.794471883242646,0,0,0,0,0,3.81170923396124,1.468376466933953,4.847346321103164,0,4.660927264653703,0,4.756517823171817
3.333342121444953,1.665610769754036,0,4.88039849297889,2.668149187111363,0,4.110181112550274,0,0,0,1.331961878219116,3.298295052124478,2.350373827777461,0,3.079831624363823,0,2.989892550449439,0,0.6247216048435822,2.222002908381747
4.087727112078949,3.3708730436691,0.6724420435440892,1.868803783678917,0,0,0,3.983546579077953,0,1.331961878219116,0,1.19230499142965,2.112026526175166,0,0,0,1.237362284996936,0,2.257307993924833,3.409206142647669
1.57635272542439,0,4.574473434552247,3.66468140051708,0.5877969722516757,0.3252165387902495,4.426516231735183,0,0,3.298295052124478,1.19230499142965,0,0.804642104388279,0,0,0,0,2.452719008808332,2.031478214828461,0
2.66476724723639,0,3.416221393787046,0.3139696364942679,0,0,0,0,0,2.350373827777461,2.112026526175166,0.804642104388279,0,3.761525887571818,2.025073413698151,3.890247946939431,3.153923042299275,0,0,1.88156642303223
0.3380249927845186,0,1.487715712278245,0.4892277429496372,1.018039586491987,3.599618406915821,0,2.03528887441995,3.81170923396124,0,0,0,3.761525887571818,0,4.518648273517226,0,0,0,0,4.467437832201833
0,0.4195272099828479,3.689161461731485,2.625139567419503,3.333521405365154,0,0,0.5863689173238817,1.468376466933953,3.079831624363823,0,0,2.025073413698151,4.518648273517226,0,3.761148591230692,4.701329006374008,0,1.962863750564019,0
0,1.510949339392644,0,1.679977505109509,0,0,3.475844500520463,4.573445964804728,4.847346321103164,0,0,0,3.890247946939431,0,3.761148591230692,0,1.175028687768618,2.178676425372283,0.9999440606085735,4.725420698321622
0,0,0,2.567720943485551,0,0,0.1537536765418962,0,0,2.989892550449439,1.237362284996936,0,3.153923042299275,0,4.701329006374008,1.175028687768618,0,0,1.74398951976882,0
0,0,0,2.622449825999005,1.315307515659291,0,3.841269761335569,3.227869396327578,4.660927264653703,0,0,2.452719008808332,0,0,0,2.178676425372283,0,0,0,2.694570926980078
0,0,0,0,2.229641145768817,0,0,0.2714751527476122,0,0.6247216048435822,2.257307993924833,2.031478214828461,0,0,1.962863750564019,0.9999440606085735,1.74398951976882,0,0,0
2.587246531305069,0,0,2.02521442665452,3.623886523160708,0,0,1.740515694628206,4.756517823171817,2.222002908381747,3.409206142647669,0,1.88156642303223,4.467437832201833,0,4.725420698321622,0,2.694570926980078,0,0
0,0,3.07231320055693,0,3.398321469790609,0,0,0,2.586433757510447,1.916003347920254,4.900480027606339,1.573792911748448,1.892983919981895,1.9160657062702,0,0,0,0,0,3.507975242112294
0,0,4.021761414074895,4.816823061054693,2.566833142112861,0,0,3.499553157083013,2.015396814578468,1.715078446551827,2.870309350269604,0,0,0,3.570538756777565,3.311522707663293,0,0,0,0
3.07231320055693,4.021761414074895,0,2.928968683375763,4.421817757555841,0,0,2.870540088080846,0,0,1.188057562891516,2.283036608565392,2.038072277888175,0.9533897676390424,4.539059338105781,0,0,0,0,0
0,4.816823061054693,2.928968683375763,0,0,0,0,4.242427144285045,0,0.1760562995456449,1.13782687673087,3.68141779122324,0.4962956377632305,3.807194594557889,0.5136947177928208,2.293590136075541,4.479137489002394,2.345255164239874,0,1.25842634550154
3.398321469790609,2.566833142112861,4.421817757555841,0,0,0,0,4.154637735967402,1.874332010495598,0.3135840086168468,0,0.7570228759844844,0,0.7504476758280026,2.29499605102085,0,0,4.878245317349397,2.485386804999899,3.224822925982193
0,0,0,0,0,0,0,0,0,0,0,1.86911289183746,0,3.705863522127549,0,0,0,0,0,0
0,0,0,0,0,0,0,0,0,3.432889787601097,0,3.057537560729158,0,0,0,0.01029477662027989,1.883535875843154,2.697572337640375,0,0
0,3.499553157083013,2.870540088080846,4.242427144285045,4.154637735967402,0,0,0,2.527878510356648,0,0.937961106594018,0,0,0.3384624267815189,0.003477072989893082,4.994943991902273,0,4.420610591874482,1.235606205019212,2.248918623887723
2.586433757510447,2.015396814578468,0,0,1.874332010495598,0,0,2.527878510356648,0,0,0,0,0,3.783797486207531,0.2263009106848024,1.878112962672976,0,2.129600999517907,0,0.2310287996165322
1.916003347920254,1.715078446551827,0,0.1760562995456449,0.3135840086168468,0,3.432889787601097,0,0,0,4.680406398115212,3.898311014491001,1.7980582059699,0,2.819716164497866,0,1.423047308561018,0,1.043061304540825,2.212702662547041
4.900480027606339,2.870309350269604,1.188057562891516,1.13782687673087,0,0,0,0.937961106594018,0,4.680406398115212,0,0.2546890413098751,3.7422098551531,0,0,0,4.679533987907687,0,1.427982667362341,2.815975514247802
1.573792911748448,0,2.283036608565392,3.68141779122324,0.7570228759844844,1.86911289183746,3.057537560729158,0,0,3.898311014491001,0.2546890413098751,0,0.1120048360466558,0,0,0,0,3.981622071935034,2.107254044069737,0
1.892983919981895,0,2.038072277888175,0.4962956377632305,0,0,0,0,0,1.7980582059699,3.7422098551531,0.1120048360466558,0,0.07771645159672547,2.772333375263329,0.1324142924743094,3.208956214078023,0,0,0.6087093994610654
1.9160657062702,0,0.9533897676390424,3.807194594557889,0.7504476758280026,3.705863522127549,0,0.3384624267815189,3.783797486207531,0,0,0,0.07771645159672547,0,0.1252236670646778,0,0,0,0,0.7984244024851395
0,3.570538756777565,4.539059338105781,0.5136947177928208,2.29499605102085,0,0,0.003477072989893082,0.2263009106848024,2.819716164497866,0,0,2.772333375263329,0.1252236670646778,0,4.600310841123702,4.997829010831734,0,1.327102690513903,0
0,3.311522707663293,0,2.293590136075541,0,0,0.01029477662027989,4.994943991902273,1.878112962672976,0,0,0,0.1324142924743094,0,4.600310841123702,0,0.3356186190020044,2.079140354193882,0.9825976323491092,2.022646421249901
0,0,0,4.479137489002394,0,0,1.883535875843154,0,0,1.423047308561018,4.679533987907687,0,3.208956214078023,0,4.997829010831734,0.3356186190020044,0,0,3.902573466199676,0
0,0,0,2.345255164239874,4.878245317349397,0,2.697572337640375,4.420610591874482,2.129600999517907,0,0,3.981622071935034,0,0,0,2.079140354193882,0,0,0,4.12145665795537
0,0,0,0,2.485386804999899,0,0,1.235606205019212,0,1.043061304540825,1.427982667362341,2.107254044069737,0,0,1.327102690513903,0.9825976323491092,3.902573466199676,0,0,0
3.507975242112294,0,0,1.25842634550154,3.224822925982193,0,0,2.248918623887723,0.2310287996165322,2.212702662547041,2.815975514247802,0,0.6087093994610654,0.7984244024851395,0,2.022646421249901,0,4.12145665795537,0,0
0,0,2.944351949662237,0,0.3978443090068923,0,0,0,3.251031196003007,3.466138663451814,3.758420136554869,2.463682864313716,3.918858483943958,3.702011622474276,0,0,0,0,0,0.2253709976696916
0,0,0.1615768541196433,1.483801463703858,1.223099572429633,0,0,1.758859979114791,1.183987849463157,4.474214697380723,4.214126179735764,0,0,0,1.491894846534032,3.128787374004167,0,0,0,0
2.944351949662237,0.1615768541196433,0,2.657729711846244,4.47751345768505,0,0,1.001791716855091,0,0,1.818364658714309,4.523413823469499,0.2392764561108152,3.620597436757747,4.211162388252784,0,0,0,0,0
