5
35
0.2295462017254154
0.2453743151488494
0.1616016200536343
0.2152146346730502
0.1482632283990507
0,0,3.885732200700367,3.557782134956158,3.645901110607859,0,0.1096491140398936,0,3.84167573529873,0,0,0,0,2.866532731662892,4.530258677877551,1.69267325070838,0,3.29058090611692,0,0,0,0,4.249469106198182,0,0,0,0,3.204645621976315,0,0,0,0,0,0,2.785334148405958
0,0,0,0,4.666145558867727,0,0.750483613313167,0,0,0,3.819218822697921,0,0,0,0.0642287343688136,2.42615228474885,0,0,0,0,2.377892208166102,0,1.466473214835657,2.520640902989184,0,0,0,3.447175504620854,0.922170578496771,4.425207510206256,0,4.949327175756582,1.04261186946715,0,0.2610431664692608
3.885732200700367,0,0,0,1.79638980725106,1.708385018198236,0,2.949087448023715,3.056650733189757,2.878634742268606,0,0,0,4.488856127660012,3.856517144293154,1.312287324520144,0,1.500092913702189,4.594632683562084,2.212484762990615,4.726410045933197,4.41201397965867,1.708824416186551,0,0,0.4918097527286519,0,4.317292457335546,0.6673749529214829,0,1.369171507721342,0,0,2.112656941342414,0.1131399337795336
3.557782134956158,0,0,0,4.619781678625719,0,3.92013923134358,2.32399006436883,4.431957354441475,0,0,0.7647639499092157,0,0,4.853494865880601,0,0,1.629988349858368,2.791492457654531,0.3448892310542917,4.737191313143609,0,0,3.201049230824549,0,1.906445040136686,0,3.511554591793183,3.054603401396772,1.244733374066779,0,0,0,4.52141245816606,0
3.645901110607859,4.666145558867727,1.79638980725106,4.619781678625719,0,3.172308483852203,0,2.557645460997129,0,0,0,1.097355722249521,4.751976675659528,0.5733421659142068,1.081136646381158,3.21224632790045,0,0,0,0.6150850842872668,0,0.1702859224060771,0.3869502351646276,0,0,4.433503814197875,0.6543827388005896,0,0,4.793567979449456,0,0,0,4.484145036321904,0
0,0,1.708385018198236,0,3.172308483852203,0,2.182759488711529,0,0,0,0,0,4.200819686946938,1.893960375309893,0.7646058939237388,0,0,0.962900434032628,0,0,0.3102124625476443,2.253070361437179,0,0,2.058451131257065,0,0,0,0,4.871906615168516,0,0.7149527704457226,0,0,0
0.1096491140398936,0.750483613313167,0,3.92013923134358,0,2.182759488711529,0,4.404195637298688,2.995712546542967,0.7759933313431278,0,0,0,0,0,1.237730012567322,2.663917188484743,3.865574061361893,0,1.552346777535011,0,1.299945581612361,0,0,0,4.199182113999055,3.158111891748315,0,0,0,3.125100009180039,0,3.204585175698695,4.128104059444066,0
0,0,2.949087448023715,2.32399006436883,2.557645460997129,0,4.404195637298688,0,0,0,3.111524923575619,0,0,0,0,0.07228373558145818,0.6735101431318513,2.861374650892885,0,0,0.8273529768411664,4.776848826387782,0,0,0,2.351856676155013,0,0,0,2.982258709860186,0,0,0,0,0
3.84167573529873,0,3.056650733189757,4.431957354441475,0,0,2.995712546542967,0,0,0.005044392535062392,0,3.126212993901054,0.03831222750202035,0,3.917097152196394,0,0,2.738213711366381,1.991359972625648,0,0,4.852275436359132,0,0.6600543720448782,0.3107352580868394,0,4.152798693676521,0,1.835545219270999,1.730701008487258,1.935321570719565,3.20038644572713,0,3.051751310564716,0
0,0,2.878634742268606,0,0,0,0.7759933313431278,0,0.005044392535062392,0,3.65639352662873,0,2.701075435214532,0,3.031778600660675,0,2.735305529891031,0,1.490664255920083,0,0,0.8443998567212618,0,0,0,0.9493123890123512,0,0,0.3811902377371656,0,1.007921636226247,1.618945769988818,0,0,4.08588207612169
0,3.819218822697921,0,0,0,0,0,3.111524923575619,0,3.65639352662873,0,4.863024660883603,0,3.899734552144741,0,0,0,3.629348790739511,1.363406134270712,3.320091129057157,0,0,0,0.5983247055147733,0,0.1584383100095388,0,0,0,0,0,2.787515265545337,0.7953641126286864,0,4.637427664460583
0,0,0,0.7647639499092157,1.097355722249521,0,0,0,3.126212993901054,0,4.863024660883603,0,0,0,0,1.965517173028445,1.021084606970881,0,0,0,4.029738301593488,0,1.331107187835797,2.164526640593843,0.668572541830843,2.534302556212706,3.423444002098507,2.178315399187642,0,0,0.1975315212581441,2.781824875468457,0,2.29033469000459,3.786365814919094
0,0,0,0,4.751976675659528,4.200819686946938,0,0,0.03831222750202035,2.701075435214532,0,0,0,0,0,3.659750645799898,1.401985028447716,2.735479798382735,0,0,0,0,2.887900306347223,0,2.295111970392596,1.926760525876024,1.437920276246569,0,3.187613196699988,4.52765674034301,0.7702916375843116,0,0,2.308320534673331,1.590828582698917
2.866532731662892,0,4.488856127660012,0,0.5733421659142068,1.893960375309893,0,0,0,0,3.899734552144741,0,0,0,1.179474600482624,3.292267279780114,4.013313002726479,1.636959394402748,0,0,0,0,0.6949444484986994,0,2.813179162596164,0,0,0,3.605781549588563,2.974309591343203,0,0,0,0,0
4.530258677877551,0.0642287343688136,3.856517144293154,4.853494865880601,1.081136646381158,0.7646058939237388,0,0,3.917097152196394,3.031778600660675,0,0,0,1.179474600482624,0,0,0,4.030520937245849,0,0,0.863781471490786,4.005550494958953,3.878128615739422,0,0,0,0.9365911905661928,0,0,2.585492487044454,0,3.335951987206602,2.992813820199612,2.181885533407605,1.145114733964939
1.69267325070838,2.42615228474885,1.312287324520144,0,3.21224632790045,0,1.237730012567322,0.07228373558145818,0,0,0,1.965517173028445,3.659750645799898,3.292267279780114,0,0,2.556926160300409,1.730548954480218,0,4.108950696595219,0,3.900967396157584,0,0.07192700284532672,2.955340874732552,4.633103012418699,1.877093918233265,0,1.582388933835412,3.147315655208627,3.36997461018919,1.527729012994888,0,0,0
0,0,0,0,0,0,2.663917188484743,0.6735101431318513,0,2.735305529891031,0,1.021084606970881,1.401985028447716,4.013313002726479,0,2.556926160300409,0,3.20173456242293,0,0,0,0,3.750579004081782,1.923930613566114,1.06845745411444,0,2.704736121060711,0,4.869119133008908,0,0,1.40132612116432,2.223124855231284,1.993744867385904,0
3.29058090611692,0,1.500092913702189,1.629988349858368,0,0.962900434032628,3.865574061361893,2.861374650892885,2.738213711366381,0,3.629348790739511,0,2.735479798382735,1.636959394402748,4.030520937245849,1.730548954480218,3.20173456242293,0,3.926875555190588,0,0.5491984007034451,0,0,0,0,0,0.7062207921632002,0,0,3.949231842325494,0,1.251647632626517,4.834745522127749,2.602381263869373,2.835989369154015
0,0,4.594632683562084,2.791492457654531,0,0,0,0,1.991359972625648,1.490664255920083,1.363406134270712,0,0,0,0,0,0,3.926875555190588,0,0,0.4066025142842206,0,0,4.253245997978958,3.984791421629921,0,0,0,1.468529971961852,1.729486904584068,0,0,1.633393083073315,4.658819542084486,1.897115784221227
0,0,2.212484762990615,0.3448892310542917,0.6150850842872668,0,1.552346777535011,0,0,0,3.320091129057157,0,0,0,0,4.108950696595219,0,0,0,0,0,0,0.1527738785024674,2.789324806614908,0,0,0,0,0,0,2.157968233810604,0,0,1.00474178682896,2.973950711243243
0,2.377892208166102,4.726410045933197,4.737191313143609,0,0.3102124625476443,0,0.8273529768411664,0,0,0,4.029738301593488,0,0,0.863781471490786,0,0,0.5491984007034451,0.4066025142842206,0,0,3.112213209837864,0,2.995534591827132,0.1616416910348484,0,1.447699093898614,3.507481950769897,0,4.815672051150075,2.686607067180419,2.170206472758445,1.877918874829891,0,0.7297299020985815
0,0,4.41201397965867,0,0.1702859224060771,2.253070361437179,1.299945581612361,4.776848826387782,4.852275436359132,0.8443998567212618,0,0,0,0,4.005550494958953,3.900967396157584,0,0,0,0,3.112213209837864,0,1.233505405677779,1.175284175229768,4.758033130851583,1.4866096890455,1.511187128974941,0,4.33580935889181,0.3880769260816003,0,0,0,0,1.258109121545821
4.249469106198182,1.466473214835657,1.708824416186551,0,0.3869502351646276,0,0,0,0,0,0,1.331107187835797,2.887900306347223,0.6949444484986994,3.878128615739422,0,3.750579004081782,0,0,0.1527738785024674,0,1.233505405677779,0,2.822369608913478,0,2.639506503542193,2.043549962217725,0,0,1.852377598896581,0,2.438318036051859,2.578386248037523,1.157899190256517,0
0,2.520640902989184,0,3.201049230824549,0,0,0,0,0.6600543720448782,0,0.5983247055147733,2.164526640593843,0,0,0,0.07192700284532672,1.923930613566114,0,4.253245997978958,2.789324806614908,2.995534591827132,1.175284175229768,2.822369608913478,0,0,0.5225976497531698,0.2957665203766713,3.897382534241105,3.097843062514851,0,0,0,0,1.661992809577182,0
0,0,0,0,0,2.058451131257065,0,0,0.3107352580868394,0,0,0.668572541830843,2.295111970392596,2.813179162596164,0,2.955340874732552,1.06845745411444,0,3.984791421629921,0,0.1616416910348484,4.758033130851583,0,0,0,2.083828508759279,2.99050158570744,0.3184325152568135,0.4918926519243744,1.855818993830722,3.546204767667836,0,0,4.992126457531985,0
0,0,0.4918097527286519,1.906445040136686,4.433503814197875,0,4.199182113999055,2.351856676155013,0,0.9493123890123512,0.1584383100095388,2.534302556212706,1.926760525876024,0,0,4.633103012418699,0,0,0,0,0,1.4866096890455,2.639506503542193,0.5225976497531698,2.083828508759279,0,0,2.608606243911375,0,0,2.562816923901996,0,1.143823862748162,1.367981104473965,3.137575234507121
0,0,0,0,0.6543827388005896,0,3.158111891748315,0,4.152798693676521,0,0,3.423444002098507,1.437920276246569,0,0.9365911905661928,1.877093918233265,2.704736121060711,0.7062207921632002,0,0,1.447699093898614,1.511187128974941,2.043549962217725,0.2957665203766713,2.99050158570744,0,0,0,1.156836102896533,0.4939001793675157,0,0,4.119814714230098,4.706502655742078,4.785550825893299
3.204645621976315,3.447175504620854,4.317292457335546,3.511554591793183,0,0,0,0,0,0,0,2.178315399187642,0,0,0,0,0,0,0,0,3.507481950769897,0,0,3.897382534241105,0.3184325152568135,2.608606243911375,0,0,0,4.064719848362758,1.920815844114154,0,1.224402648715814,1.351598060232122,3.168655555218208
0,0.922170578496771,0.6673749529214829,3.054603401396772,0,0,0,0,1.835545219270999,0.3811902377371656,0,0,3.187613196699988,3.605781549588563,0,1.582388933835412,4.869119133008908,0,1.468529971961852,0,0,4.33580935889181,0,3.097843062514851,0.4918926519243744,0,1.156836102896533,0,0,0,0,0,1.834699760233241,0,3.109769707722513
0,4.425207510206256,0,1.244733374066779,4.793567979449456,4.871906615168516,0,2.982258709860186,1.730701008487258,0,0,0,4.52765674034301,2.974309591343203,2.585492487044454,3.147315655208627,0,3.949231842325494,1.729486904584068,0,4.815672051150075,0.3880769260816003,1.852377598896581,0,1.855818993830722,0,0.4939001793675157,4.064719848362758,0,0,4.833779377498655,0,0,0,0
0,0,1.369171507721342,0,0,0,3.125100009180039,0,1.935321570719565,1.007921636226247,0,0.1975315212581441,0.7702916375843116,0,0,3.36997461018919,0,0,0,2.157968233810604,2.686607067180419,0,0,0,3.546204767667836,2.562816923901996,0,1.920815844114154,0,4.833779377498655,0,0,0,0,0
0,4.949327175756582,0,0,0,0.7149527704457226,0,0,3.20038644572713,1.618945769988818,2.787515265545337,2.781824875468457,0,0,3.335951987206602,1.527729012994888,1.40132612116432,1.251647632626517,0,0,2.170206472758445,0,2.438318036051859,0,0,0,0,0,0,0,0,0,2.081659295108687,0,0
0,1.04261186946715,0,0,0,0,3.204585175698695,0,0,0,0.7953641126286864,0,0,0,2.992813820199612,0,2.223124855231284,4.834745522127749,1.633393083073315,0,1.877918874829891,0,2.578386248037523,0,0,1.143823862748162,4.119814714230098,1.224402648715814,1.834699760233241,0,0,2.081659295108687,0,0,4.934243749927816
0,0,2.112656941342414,4.52141245816606,4.484145036321904,0,4.128104059444066,0,3.051751310564716,0,0,2.29033469000459,2.308320534673331,0,2.181885533407605,0,1.993744867385904,2.602381263869373,4.658819542084486,1.00474178682896,0,0,1.157899190256517,1.661992809577182,4.992126457531985,1.367981104473965,4.706502655742078,1.351598060232122,0,0,0,0,0,0,0.1989823478481961
2.785334148405958,0.2610431664692608,0.1131399337795336,0,0,0,0,0,0,4.08588207612169,4.637427664460583,3.786365814919094,1.590828582698917,0,1.145114733964939,0,0,2.835989369154015,1.897115784221227,2.973950711243243,0.7297299020985815,1.258109121545821,0,0,0,3.137575234507121,4.785550825893299,3.168655555218208,3.109769707722513,0,0,0,4.934243749927816,0.1989823478481961,0
0,0.8051045229236886,0,0,0,2.586272012754616,0,0.8960475039561583,0,4.547324032536395,0.6304941374129081,0.6943241857046734,3.442007488464241,0,0,0,2.376175787461384,0,1.146531257328858,0.07954169404742473,4.311696057396623,0.5396762650887177,0,0.02196306291087691,3.73091118828872,0.8474221442201119,3.707512286054452,0,4.266855032265654,1.073048531383207,2.461565654878533,1.297005804262679,3.022392288897062,2.214520337554995,0
0.8051045229236886,0,0.5520402447847922,0.06377781418070827,0,1.804640100237945,0,2.135311738798476,0.02514441650560528,4.985684476743429,0,0.5212649880095865,1.29923333827561,2.834354563803228,0,0,0.7052848429973008,0.5622568967534902,2.132521256681772,4.888845788511169,0,4.798225984968976,0,0,1.414926881070544,1.912570959266986,1.915100520323516,0,0,0,0.5907762257684102,0,0,4.86672353360435,0
0,0.5520402447847922,0,3.966458499506628,0,0,2.30273730544393,0,0,0,2.498629868106723,1.467777972087202,4.800699879431271,0,0,0,0.6680195522488702,0,0,0,0,0,0,1.714018507596964,3.247087254806831,0,3.820354456181636,0,0,1.012924904359633,0,3.006255719559061,2.526462261029156,0,0
0,0.06377781418070827,3.966458499506628,0,0,1.833982344986877,0,0,0,4.17579819011518,3.641212115767689,0,2.553168025682391,2.241696903509597,0,0.3927410317725633,4.825026529217792,0,0,0,0,3.55227846490244,2.652295246172102,0,1.225653775920983,0,2.102787574186962,0,0,0,1.601385441849808,4.238712459571793,1.604739305685654,0,4.91518111038478
0,0,0,0,0,0,2.670068757258655,0,2.828738234219737,4.733667355576878,0.7370849416908526,0,0,0,0,0,1.227710721936491,2.394273720255307,2.233870637963,0,1.642679017139487,0,0,4.233029735346055,2.032368394573957,0,0,4.527313748654018,1.887460866075147,0,0.8345329606218765,3.404094613639825,4.453439366992739,0,4.141984741653973
2.586272012754616,1.804640100237945,0,1.833982344986877,0,0,0,1.31044481404391,1.294912102606496,0.06502062133613928,4.606682073909267,2.774894257437745,0,0,0,1.581874081196096,2.88225660728124,0,0.3035255211198273,3.913644713759414,0,0,4.280554167390578,1.445752465880993,0,1.716041102546766,2.455568741538905,3.903605154451806,4.893304643657846,0,0.7398241519288007,0,4.65124081569022,1.469793871069209,3.119613220103479
0,0,2.30273730544393,0,2.670068757258655,0,0,0,0,0,0.9744668362494785,2.497408889102283,2.162557836062099,4.180029123016769,4.687253800162015,0,0,0,3.670460467380632,0,4.718044685194206,0,2.557911216901672,0.4829711830095773,1.925726753529666,0,0,1.350927318072801,0.1630772465145147,1.916239606700073,0,4.472559427224986,0,0,4.726864789927293
0.8960475039561583,2.135311738798476,0,0,0,1.31044481404391,0,0,0.4293446656021743,2.477700148629687,0,1.403655170400995,1.448180429390699,0.6450652156137243,0.627301783200151,0,0,0,2.098683049890269,0.2591335445200371,0,0,4.30281057362332,4.600213950590909,2.23944821793855,0,0.5701421783903543,1.03403263510458,4.209220865324451,0,4.594617160052762,0.583803755207577,2.344760524779697,0.9188710133291766,0.9027412683292135
0,0.02514441650560528,0,0,2.828738234219737,1.294912102606496,0,0.4293446656021743,0,0,3.400209728141492,0,0,2.54555187223292,0,2.93232040369514,2.675406328588902,0,0,2.611751730272877,3.547226457519728,0,1.201135595618565,0,0,0.4324084853973331,0,4.69084701876752,0,0,0,0,1.349972118103333,0,0.5580885637660404
4.547324032536395,4.985684476743429,0,4.17579819011518,4.733667355576878,0.06502062133613928,0,2.477700148629687,0,0,0,2.261158936077492,0,1.044528709947143,0,4.150271063034403,0,0.9722054712611589,0,2.352590963729976,3.990850920686688,0,2.385671757538545,1.826919896451289,1.504783713166545,0,0.01802652253672266,0.616179231389366,0,1.36965112111138,0,0,2.660652803079171,4.315673801260137,0
0.6304941374129081,0,2.498629868106723,3.641212115767689,0.7370849416908526,4.606682073909267,0.9744668362494785,0,3.400209728141492,0,0,0,1.691180827745275,0,2.462558881325855,3.843864379595155,3.243182995570924,0,0,0,4.14554709109616,0.6532579867899757,2.578394787271159,0,4.851444955560613,0,0.7207940497321935,1.524404147532521,0.8147498250930219,4.088385133471716,2.112840418386029,0,0,3.421013916374256,0
0.6943241857046734,0.5212649880095865,1.467777972087202,0,0,2.774894257437745,2.497408889102283,1.403655170400995,0,2.261158936077492,0,0,1.441193167123422,0.3426807230803391,1.23943003811439,0,0,4.57371040014973,0.5993174556611136,4.833026226659928,0,4.72128485290719,0,0,0,0,0,0,4.077781848420559,0.4899458242315519,0,0,3.445623555670897,0,0
3.442007488464241,1.29923333827561,4.800699879431271,2.553168025682391,0,0,2.162557836062099,1.448180429390699,0,0,1.691180827745275,1.441193167123422,0,1.78694096483872,2.900032152759394,0,0,0,3.940565920244962,0.2257593802024238,0.777306451644858,2.764643542856082,0,0.534363901194429,0,0,0,2.252640474342666,0,0,0,4.685456839801542,1.884999186415576,0,0
0,2.834354563803228,0,2.241696903509597,0,0,4.180029123016769,0.6450652156137243,2.54555187223292,1.044528709947143,0,0.3426807230803391,1.78694096483872,0,0,0,0,0,3.7317596017256,2.550414274257726,1.059179718079439,0.3253810020868231,0,4.848825904540772,0,2.708031924525593,2.324322330368515,2.742191808894566,0,0,2.24400530289645,3.980845589655363,0.1560022647588666,4.644396003550479,2.325351643717962
0,0,0,0,0,0,4.687253800162015,0.627301783200151,0,0,2.462558881325855,1.23943003811439,2.900032152759394,0,0,3.746418586657348,4.594752841541268,0,0.9521805159394831,0.1475760386195213,0,0,0,2.7734586081359,0.947066871110312,1.366150275778795,0,1.275582275251913,0.03970148542394469,0,0.7469795413717722,0,0,0,0
0,0,0,0.3927410317725633,0,1.581874081196096,0,0,2.93232040369514,4.150271063034403,3.843864379595155,0,0,0,3.746418586657348,0,0,0,2.068097265926394,0,0.2719080843317478,0,0.7206439980380641,0,0,0,0,0.5583918700738438,0,0,0,0,3.535141249288051,4.305358149296669,4.797941881468011
2.376175787461384,0.7052848429973008,0.6680195522488702,4.825026529217792,1.227710721936491,2.88225660728124,0,0,2.675406328588902,0,3.243182995570924,0,0,0,4.594752841541268,0,0,0,1.868188377616095,1.531980526722445,0.9601401144553873,1.593068667593189,0,0,0,2.053223061300408,0,0.9900868166497073,0,1.218419651046709,1.741842011159322,0,0,0,2.556671927619171
0,0.5622568967534902,0,0,2.394273720255307,0,0,0,0,0.9722054712611589,0,4.57371040014973,0,0,0,0,0,0,0,2.329541767246828,0,4.857963770837138,0.1860076637554753,2.611106510437409,0.2886964889836868,0.4656349490589046,0,4.413130617468934,0.4965435812108887,0,2.666271799928015,0,0,0,0
1.146531257328858,2.132521256681772,0,0,2.233870637963,0.3035255211198273,3.670460467380632,2.098683049890269,0,0,0,0.5993174556611136,3.940565920244962,3.7317596017256,0.9521805159394831,2.068097265926394,1.868188377616095,0,0,0.6593266836559925,0,0.1369942554079578,1.91138674421931,0,0,1.406554101853783,4.76590837949926,1.775913087243132,0,0,0.8018219093491502,4.219702879267953,0,0,0
0.07954169404742473,4.888845788511169,0,0,0,3.913644713759414,0,0.2591335445200371,2.611751730272877,2.352590963729976,0,4.833026226659928,0.2257593802024238,2.550414274257726,0.1475760386195213,0,1.531980526722445,2.329541767246828,0.6593266836559925,0,0.3425334297363841,2.118650005052625,0,0,0.1710870664629477,0.2813680787119632,1.477100516098056,4.721806310810346,4.596620769071636,1.091128084964345,0,4.58106039058614,0.2013903833877928,0,0
4.311696057396623,0,0,0,1.642679017139487,0,4.718044685194206,0,3.547226457519728,3.990850920686688,4.14554709109616,0,0.777306451644858,1.059179718079439,0,0.2719080843317478,0.9601401144553873,0,0,0.3425334297363841,0,0,0.5198562926137512,0,0,4.210990761703052,0,0,3.74504667522791,0,0,0,0,4.064078254275136,0
0.5396762650887177,4.798225984968976,0,3.55227846490244,0,0,0,0,0,0,0.6532579867899757,4.72128485290719,2.764643542856082,0.3253810020868231,0,0,1.593068667593189,4.857963770837138,0.1369942554079578,2.118650005052625,0,0,0,0,0,0,0,1.798719470320192,0,0,1.408479403971998,2.706499196940072,3.68004683077559,3.766041729752834,0
0,0,0,2.652295246172102,0,4.280554167390578,2.557911216901672,4.30281057362332,1.201135595618565,2.385671757538545,2.578394787271159,0,0,0,0,0.7206439980380641,0,0.1860076637554753,1.91138674421931,0,0.5198562926137512,0,0,0,0.3446072383085219,0,0,4.596404849923166,1.304216759910412,0,3.423813140550684,0,0,0,4.543486633222065
0.02196306291087691,0,1.714018507596964,0,4.233029735346055,1.445752465880993,0.4829711830095773,4.600213950590909,0,1.826919896451289,0,0,0.534363901194429,4.848825904540772,2.7734586081359,0,0,2.611106510437409,0,0,0,0,0,0,0.4366776195350269,0,0,0,0,3.240028474762013,2.985303943051754,1.477109197429773,1.738151628464205,0,1.233210620291566
3.73091118828872,1.414926881070544,3.247087254806831,1.225653775920983,2.032368394573957,0,1.925726753529666,2.23944821793855,0,1.504783713166545,4.851444955560613,0,0,0,0.947066871110312,0,0,0.2886964889836868,0,0.1710870664629477,0,0,0.3446072383085219,0.4366776195350269,0,0,0,0,0,0,0,0.8703043007393596,2.989701845535688,0,3.076028982966386
0.8474221442201119,1.912570959266986,0,0,0,1.716041102546766,0,0,0.4324084853973331,0,0,0,0,2.708031924525593,1.366150275778795,0,2.053223061300408,0.4656349490589046,1.406554101853783,0.2813680787119632,4.210990761703052,0,0,0,0,0,1.629375470966323,0,1.207773850429645,1.17211748196965,0,3.241603106328297,0,0,0
3.707512286054452,1.915100520323516,3.820354456181636,2.102787574186962,0,2.455568741538905,0,0.5701421783903543,0,0.01802652253672266,0.7207940497321935,0,0,2.324322330368515,0,0,0,0,4.76590837949926,1.477100516098056,0,0,0,0,0,1.629375470966323,0,1.927210799871522,0,0,0.1669453869320009,0.451080665600932,0,0,0
0,0,0,0,4.527313748654018,3.903605154451806,1.350927318072801,1.03403263510458,4.69084701876752,0.616179231389366,1.524404147532521,0,2.252640474342666,2.742191808894566,1.275582275251913,0.5583918700738438,0.9900868166497073,4.413130617468934,1.775913087243132,4.721806310810346,0,1.798719470320192,4.596404849923166,0,0,0,1.927210799871522,0,2.822899296537533,0,0,4.460744834459747,0,0,0
4.266855032265654,0,0,0,1.887460866075147,4.893304643657846,0.1630772465145147,4.209220865324451,0,0,0.8147498250930219,4.077781848420559,0,0,0.03970148542394469,0,0,0.4965435812108887,0,4.596620769071636,3.74504667522791,0,1.304216759910412,0,0,1.207773850429645,0,2.822899296537533,0,1.042570133591723,1.088449494718907,2.462663931325744,0,0.1934539278377168,0
1.073048531383207,0,1.012924904359633,0,0,0,1.916239606700073,0,0,1.36965112111138,4.088385133471716,0.4899458242315519,0,0,0,0,1.218419651046709,0,0,1.091128084964345,0,0,0,3.240028474762013,0,1.17211748196965,0,0,1.042570133591723,0,0,1.918575898772065,0.03955418786713072,4.548012659306172,2.923681759617247
2.461565654878533,0.5907762257684102,0,1.601385441849808,0.8345329606218765,0.7398241519288007,0,4.594617160052762,0,0,2.112840418386029,0,0,2.24400530289645,0.7469795413717722,0,1.741842011159322,2.666271799928015,0.8018219093491502,0,0,1.408479403971998,3.423813140550684,2.985303943051754,0,0,0.1669453869320009,0,1.088449494718907,0,0,2.732420624720073,3.020531431957343,3.68614400612536,2.684802083596443
1.297005804262679,0,3.006255719559061,4.238712459571793,3.404094613639825,0,4.472559427224986,0.583803755207577,0,0,0,0,4.685456839801542,3.980845589655363,0,0,0,0,4.219702879267953,4.58106039058614,0,2.706499196940072,0,1.477109197429773,0.8703043007393596,3.241603106328297,0.451080665600932,4.460744834459747,2.462663931325744,1.918575898772065,2.732420624720073,0,0,4.464773962452226,3.772406794746255
3.022392288897062,0,2.526462261029156,1.604739305685654,4.453439366992739,4.65124081569022,0,2.344760524779697,1.349972118103333,2.660652803079171,0,3.445623555670897,1.884999186415576,0.1560022647588666,0,3.535141249288051,0,0,0,0.2013903833877928,0,3.68004683077559,0,1.738151628464205,2.989701845535688,0,0,0,0,0.03955418786713072,3.020531431957343,0,0,4.958677389760372,0
2.214520337554995,4.86672353360435,0,0,0,1.469793871069209,0,0.9188710133291766,0,4.315673801260137,3.421013916374256,0,0,4.644396003550479,0,4.305358149296669,0,0,0,0,4.064078254275136,3.766041729752834,0,0,0,0,0,0,0.1934539278377168,4.548012659306172,3.68614400612536,4.464773962452226,4.958677389760372,0,0
0,0,0,4.91518111038478,4.141984741653973,3.119613220103479,4.726864789927293,0.9027412683292135,0.5580885637660404,0,0,0,0,2.325351643717962,0,4.797941881468011,2.556671927619171,0,0,0,0,0,4.543486633222065,1.233210620291566,3.076028982966386,0,0,0,0,2.923681759617247,2.684802083596443,3.772406794746255,0,0,0
0,2.16188413471836,0,0,0,4.515343743133338,0,0.826961234269753,0,0.2892645154396917,1.500583887668798,1.746597713213128,3.197851089276284,0,0,0,4.026602431127662,0,0.9111400763635102,4.787571750855916,4.482024517324557,0.8944961401113144,0,2.713037320295395,0.5874469009945354,4.418686600226048,2.239363650638231,0,1.990588234603812,3.955201619533372,4.170058275594454,1.065108836810449,4.724543231636382,0.2650002625502179,0
2.16188413471836,0,1.083236881401393,1.885796265214974,0,3.221027018833731,0,4.776860514855105,3.912578894181209,1.138265360291095,0,2.348793881464217,4.390314713533088,1.882047727250333,0,0,3.661084937058749,3.716068871004086,0.3811972117691498,0.4679827300297684,0,0.4454213275320518,0,0,1.126801228971786,4.527416084236135,4.955968737843994,0,0,0,2.052074268489185,0,0,3.11349910769259,0
0,1.083236881401393,0,1.865071624223227,0,0,3.227261867177951,0,0,0,2.19512443829607,0.5760337300901547,4.715589461053515,0,0,0,3.192728684123931,0,0,0,0,0,0,3.094032020772024,1.713603162911104,0,4.939794707989202,0,0,4.342575991005459,0,1.605942264156325,3.13790904635015,0,0
0,1.885796265214974,1.865071624223227,0,0,1.819730897703722,0,0,0,3.282439674377161,2.490851576336542,0,1.926079399398848,1.220428851309537,0,1.187994438360434,3.826424333879106,0,0,0,0,4.85122780838759,0.3704325869495806,0,0.320611158829463,0,1.419239345085753,0,0,0,0.5183606224791742,3.813305318605633,2.658242472503871,0,2.926001697612735
0,0,0,0,0,0,2.398071261441991,0,2.392293233725985,0.4954450431883256,3.887805188040097,0,0,0,0,0,0.9687367002668701,1.54058844414894,1.706055727838689,0,1.340931863339299,0,0,1.978492362910639,4.759037285262752,0,0,2.012651177985082,3.324657206000039,0,2.213885865611045,4.61598761579048,2.453354831433001,0,0.5504442386658587
4.515343743133338,3.221027018833731,0,1.819730897703722,0,0,0,2.848727499211445,0.2294250331863545,3.590339283386628,4.920078716272437,2.094360737582812,0,0,0,4.795559262649508,4.036894104516676,0,1.949135962267278,2.661988466093736,0,0,2.492227121272957,2.489340053435244,0,2.313033679836589,1.992291174559029,3.645089443414973,0.5567972127692877,0,0.7394727868579931,0,0.02359738938404909,0.1343019207630292,4.127077300368465
0,0,3.227261867177951,0,2.398071261441991,0,0,0,0,0,4.148940175520376,4.716499687301877,0.4228160049656643,1.268581761384509,0.5387928938755115,0,0,0,2.032161031800425,0,2.134698046381799,0,2.81263576694953,4.229412526107136,3.246510247286949,0,0,2.004003680861385,2.148712717165107,4.422261184523911,0,1.070829019339469,0,0,1.953976692023102
0.826961234269753,4.776860514855105,0,0,0,2.848727499211445,0,0,2.6558978639422,0.7618318320645273,0,2.061365792745375,2.497789630549008,4.729731437078573,3.761215256232018,0,0,0,2.662682721704778,4.043012593400535,0,0,4.695467576762169,1.500317200183413,3.256243316084662,0,2.212705758250896,2.773811629783694,0.6542834132297404,0,3.667872216865612,3.730207816288008,0.4363251723003447,1.49970461472449,2.611664589609274
0,3.912578894181209,0,0,2.392293233725985,0.2294250331863545,0,2.6558978639422,0,0,2.574759026734768,0,0,1.233894601606995,0,3.89021924640809,1.992200592050514,0,0,2.452165168256237,4.963099046407093,0,0.351475807388773,0,0,3.083936197811196,0,0.001630481700594655,0,0,0,0,4.219911803629551,0,0.4791186623504895
0.2892645154396917,1.138265360291095,0,3.282439674377161,0.4954450431883256,3.590339283386628,0,0.7618318320645273,0,0,0,0.3534383817930953,0,0.5816604811220083,0,2.445196662255933,0,3.734445759987506,0,1.34733776617272,1.620826192748118,0,3.267222705497426,2.925496946127062,1.919422450028273,0,1.414439526748057,3.679384931831751,0,0.660273396548452,0,0,1.23842854967345,1.903479749109176,0
1.500583887668798,0,2.19512443829607,2.490851576336542,3.887805188040097,4.920078716272437,4.148940175520376,0,2.574759026734768,0,0,0,4.639918611457873,0,4.838338742396163,1.940422410354433,3.990290315620383,0,0,0,1.33681040323285,0.2567786634015112,2.712912101573862,0,4.712631564390995,0,3.179634083040131,1.596865487684159,4.605376110511105,3.7021276764025,4.718649792147971,0,0,3.962046811741456,0
1.746597713213128,2.348793881464217,0.5760337300901547,0,0,2.094360737582812,4.716499687301877,2.061365792745375,0,0.3534383817930953,0,0,3.03089938074299,1.090216874720565,2.772126444265288,0,0,0.03451273871694749,2.594848817084307,0.3367209423597578,0,4.941700383193618,0,0,0,0,0,0,3.760563268547666,1.228380909684446,0,0,3.589406991937963,0,0
3.197851089276284,4.390314713533088,4.715589461053515,1.926079399398848,0,0,0.4228160049656643,2.497789630549008,0,0,4.639918611457873,3.03089938074299,0,3.504988948476184,4.549758050615035,0,0,0,4.348027776575154,1.203229426439687,2.51183716863514,0.7114086990862867,0,3.660748793671761,0,0,0,4.033162601816213,0,0,0,3.304775324575726,0.3364009227167797,0,0
0,1.882047727250333,0,1.220428851309537,0,0,1.268581761384509,4.729731437078573,1.233894601606995,0.5816604811220083,0,1.090216874720565,3.504988948476184,0,0,0,0,0,0.86977482055282,0.8288187195469726,4.183324701388849,2.54728062578726,0,1.933972080141146,0,1.574967122183382,0.5663559166494686,1.039223797251103,0,0,3.262886952285051,4.770434516963244,0.9363507080810257,3.363586404942642,4.766320840631248
0,0,0,0,0,0,0.5387928938755115,3.761215256232018,0,0,4.838338742396163,2.772126444265288,4.549758050615035,0,0,0.6243859956893383,3.300359542004766,0,0.1283660415913651,2.361661326243912,0,0,0,3.653236433209951,0.1448719125771586,4.713396279942815,0,1.529118039039811,3.170127695705383,0,2.173382613308005,0,0,0,0
0,0,0,1.187994438360434,0,4.795559262649508,0,0,3.89021924640809,2.445196662255933,1.940422410354433,0,0,0,0.6243859956893383,0,0,0,0.2787628077465909,0,1.300070903837474,0,3.580660100854378,0,0,0,0,4.522316172060539,0,0,0,0,4.068054916516849,3.808896271277146,3.851034945691296
4.026602431127662,3.661084937058749,3.192728684123931,3.826424333879106,0.9687367002668701,4.036894104516676,0,0,1.992200592050514,0,3.990290315620383,0,0,0,3.300359542004766,0,0,0,3.833687787969105,1.318435547131515,3.884823450321681,1.261897555198987,0,0,0,4.504816030251867,0,0.7780455064531838,0,3.41058030524755,2.431550966434817,0,0,0,4.570711651974247
0,3.716068871004086,0,0,1.54058844414894,0,0,0,0,3.734445759987506,0,0.03451273871694749,0,0,0,0,0,0,0,1.490656730945032,0,1.091356362187396,0.01667280871858912,2.838088574775941,1.982714429450598,1.595135681244766,0,2.187192730453588,4.758907788303748,0,4.020382222452509,0,0,0,0
0.9111400763635102,0.3811972117691498,0,0,1.706055727838689,1.949135962267278,2.032161031800425,2.662682721704778,0,0,0,2.594848817084307,4.348027776575154,0.86977482055282,0.1283660415913651,0.2787628077465909,3.833687787969105,0,0,4.773382924514719,0,4.925899004144439,3.464542774741974,0,0,3.551904875122158,3.66461655843096,4.401004105008398,0,0,0.7893218814005881,3.911346059731077,0,0,0
4.787571750855916,0.4679827300297684,0,0,0,2.661988466093736,0,4.043012593400535,2.452165168256237,1.34733776617272,0,0.3367209423597578,1.203229426439687,0.8288187195469726,2.361661326243912,0,1.318435547131515,1.490656730945032,4.773382924514719,0,1.026188310515819,2.723754812986174,0,0,3.549502236455981,4.273625734742216,1.830600010171781,1.751739309332275,0.450242610692802,4.835159422367071,0,4.450139936840292,2.523579817772838,0,0
4.482024517324557,0,0,0,1.340931863339299,0,2.134698046381799,0,4.963099046407093,1.620826192748118,1.33681040323285,0,2.51183716863514,4.183324701388849,0,1.300070903837474,3.884823450321681,0,0,1.026188310515819,0,0,3.646201537477424,0,0,2.784484940611471,0,0,3.783636947414691,0,0,0,0,4.518954532295827,0
0.8944961401113144,0.4454213275320518,0,4.85122780838759,0,0,0,0,0,0,0.2567786634015112,4.941700383193618,0.7114086990862867,2.54728062578726,0,0,1.261897555198987,1.091356362187396,4.925899004144439,2.723754812986174,0,0,0,0,0,0,0,0.6244978580653981,0,0,3.06938921283657,4.344844358324984,2.861521976363496,4.023695069063844,0
0,0,0,0.3704325869495806,0,2.492227121272957,2.81263576694953,4.695467576762169,0.351475807388773,3.267222705497426,2.712912101573862,0,0,0,0,3.580660100854378,0,0.01667280871858912,3.464542774741974,0,3.646201537477424,0,0,0,4.94215433678641,0,0,0.6062183868778787,2.46539653020723,0,3.170989396448522,0,0,0,3.018214261171217
2.713037320295395,0,3.094032020772024,0,1.978492362910639,2.489340053435244,4.229412526107136,1.500317200183413,0,2.925496946127062,0,0,3.660748793671761,1.933972080141146,3.653236433209951,0,0,2.838088574775941,0,0,0,0,0,0,2.69505174656712,0,0,0,0,2.698879101592342,3.273760717400966,3.110143951836703,3.588685339606635,0,2.71449728293473
0.5874469009945354,1.126801228971786,1.713603162911104,0.320611158829463,4.759037285262752,0,3.246510247286949,3.256243316084662,0,1.919422450028273,4.712631564390995,0,0,0,0.1448719125771586,0,0,1.982714429450598,0,3.549502236455981,0,0,4.94215433678641,2.69505174656712,0,0,0,0,0,0,0,0.3107597131684264,0.1150676854572047,0,0.1347224224193283
4.418686600226048,4.527416084236135,0,0,0,2.313033679836589,0,0,3.083936197811196,0,0,0,0,1.574967122183382,4.713396279942815,0,4.504816030251867,1.595135681244766,3.551904875122158,4.273625734742216,2.784484940611471,0,0,0,0,0,2.252461683236683,0,4.563600813263907,4.052952212312845,0,3.073355017082547,0,0,0
2.239363650638231,4.955968737843994,4.939794707989202,1.419239345085753,0,1.992291174559029,0,2.212705758250896,0,1.414439526748057,3.179634083040131,0,0,0.5663559166494686,0,0,0,0,3.66461655843096,1.830600010171781,0,0,0,0,0,2.252461683236683,0,4.367250495403459,0,0,4.195174959507305,4.891120170638342,0,0,0
0,0,0,0,2.012651177985082,3.645089443414973,2.004003680861385,2.773811629783694,0.001630481700594655,3.679384931831751,1.596865487684159,0,4.033162601816213,1.039223797251103,1.529118039039811,4.522316172060539,0.7780455064531838,2.187192730453588,4.401004105008398,1.751739309332275,0,0.6244978580653981,0.6062183868778787,0,0,0,4.367250495403459,0,4.968580658004816,0,0,2.029603202997367,0,0,0
1.990588234603812,0,0,0,3.324657206000039,0.5567972127692877,2.148712717165107,0.6542834132297404,0,0,4.605376110511105,3.760563268547666,0,0,3.170127695705383,0,0,4.758907788303748,0,0.450242610692802,3.783636947414691,0,2.46539653020723,0,0,4.563600813263907,0,4.968580658004816,0,4.481280960817364,4.288816434228177,0.2595124204409655,0,3.63334667747761,0
3.955201619533372,0,4.342575991005459,0,0,0,4.422261184523911,0,0,0.660273396548452,3.7021276764025,1.228380909684446,0,0,0,0,3.41058030524755,0,0,4.835159422367071,0,0,0,2.698879101592342,0,4.052952212312845,0,0,4.481280960817364,0,0,0.1528488667070865,4.595365887323104,3.889712305915865,1.724572996337036
4.170058275594454,2.052074268489185,0,0.5183606224791742,2.213885865611045,0.7394727868579931,0,3.667872216865612,0,0,4.718649792147971,0,0,3.262886952285051,2.173382613308005,0,2.431550966434817,4.020382222452509,0.7893218814005881,0,0,3.06938921283657,3.170989396448522,3.273760717400966,0,0,4.195174959507305,0,4.288816434228177,0,0,2.754138809106343,4.631048784917589,0.9061125132714148,3.845357164872464
1.065108836810449,0,1.605942264156325,3.813305318605633,4.61598761579048,0,1.070829019339469,3.730207816288008,0,0,0,0,3.304775324575726,4.770434516963244,0,0,0,0,3.911346059731077,4.450139936840292,0,4.344844358324984,0,3.110143951836703,0.3107597131684264,3.073355017082547,4.891120170638342,2.029603202997367,0.2595124204409655,0.1528488667070865,2.754138809106343,0,0,0.129266532945066,0.8489922168915082
4.724543231636382,0,3.13790904635015,2.658242472503871,2.453354831433001,0.02359738938404909,0,0.4363251723003447,4.219911803629551,1.23842854967345,0,3.589406991937963,0.3364009227167797,0.9363507080810257,0,4.068054916516849,0,0,0,2.523579817772838,0,2.861521976363496,0,3.588685339606635,0.1150676854572047,0,0,0,0,4.595365887323104,4.631048784917589,0,0,0.6409067861872442,0
0.2650002625502179,3.11349910769259,0,0,0,0.1343019207630292,0,1.49970461472449,0,1.903479749109176,3.962046811741456,0,0,3.363586404942642,0,3.808896271277146,0,0,0,0,4.518954532295827,4.023695069063844,0,0,0,0,0,0,3.63334667747761,3.889712305915865,0.9061125132714148,0.129266532945066,0.6409067861872442,0,0
0,0,0,2.926001697612735,0.5504442386658587,4.127077300368465,1.953976692023102,2.611664589609274,0.4791186623504895,0,0,0,0,4.766320840631248,0,3.851034945691296,4.570711651974247,0,0,0,0,0,3.018214261171217,2.71449728293473,0.1347224224193283,0,0,0,0,1.724572996337036,3.845357164872464,0.8489922168915082,0,0,0
0,2.525430421777609,0,0,0,1.090963210654565,0,0.9080173358105276,0,2.183759641214476,0.01061012416605278,0.7567028024873895,3.646608631217838,0,0,0,2.653890704874029,0,0.8317625386822514,0.1284614268511397,0.9450527770558043,3.732757135660181,0,4.306740882082823,2.545111284182471,1.939314473145574,3.548194289153596,0,0.5774690437385455,3.273441570881887,0.6567684267167478,2.611573908419133,2.452211075692452,0.4391092207870811,0
2.525430421777609,0,4.055101078082296,0.8390584448879934,0,0.3397365104684114,0,3.621235167600419,4.634297866927544,4.597711030972324,0,1.095309454455868,0.9413380841461527,1.062741897199341,0,0,3.455334579917134,3.192706856697104,1.452933267289644,3.308674722089717,0,3.988712299235257,0,0,1.656448213127946,4.826288744848633,1.434136423796061,0,0,0,0.6011429499532489,0,0,0.3176894627868432,0
0,4.055101078082296,0,4.160273526882709,0,0,2.567604206337572,0,0,0,0.7452854162284406,1.875458154939931,0.5634974619036376,0,0,0,1.92471547483937,0,0,0,0,0,0,2.265105810459478,2.466496277874424,0,0.6266239570779664,0,0,3.755786609498047,0,1.421465372281561,3.596319634112052,0,0
0,0.8390584448879934,4.160273526882709,0,0,0.7568683291322559,0,0,0,4.919584882482376,4.249141474796368,0,1.552982268582064,4.016925429984526,0,4.087854406343514,2.872667950869986,0,0,0,0,4.992133946709355,1.559104519578629,0,1.31574159676888,0,0.2409057200535142,0,0,0,2.677824472563242,4.035068873099256,4.365969788049196,0,4.203182587976245
0,0,0,0,0,0,3.968330415129681,0,1.602564220740193,2.555144620791772,1.9952561655339,0,0,0,0,0,0.454352890740104,3.722222238138144,4.195709025699429,0,2.751195519042536,0,0,0.8460763265734211,4.559925104574162,0,0,1.078806260862565,3.960951322220815,0,3.164967841811737,0.7641707112622903,4.029117547084304,0,1.396136672782005
1.090963210654565,0.3397365104684114,0,0.7568683291322559,0,0,0,1.797765224529786,1.232358020489803,1.955594060673821,4.917104364116981,0.6356125329601064,0,0,0,2.49336994621006,3.274840307592922,0,1.499829271307183,1.266761709106257,0,0,0.24392252018064,4.092173079884757,0,1.839118338998324,2.38742104498993,3.828253080043332,1.980384706047284,0,3.524120495533441,0,3.250202907113567,0.4665358144839854,0.1751129254445621
0,0,2.567604206337572,0,3.968330415129681,0,0,0,0,0,1.69037429514731,1.448862081837823,3.583382062964904,2.672125083951598,4.499907173644374,0,0,0,3.020893728010341,0,0.1656422058504459,0,3.423968820717638,4.546978074280118,3.814267398761724,0,0,2.771272962068269,0.1863113973701064,1.275088046655766,0,0.01929579430360318,0,0,4.006600323558324
0.9080173358105276,3.621235167600419,0,0,0,1.797765224529786,0,0,4.442832610702833,1.153840779047482,0,1.811028567070645,3.917951940890116,4.432059246214329,4.135259547280791,0,0,0,4.62852196014008,1.674522896888432,0,0,3.400969822240258,0.3669547334689632,0.8475093530747257,0,3.297739440807763,4.396392422559593,0.9457696692599432,0,1.505734760504242,4.048945535470957,4.143587130800362,2.055924453444313,1.48085911643003
0,4.634297866927544,0,0,1.602564220740193,1.232358020489803,0,4.442832610702833,0,0,2.610344405595355,0,0,0.2269763733081975,0,3.638487218461903,3.352288307279747,0,0,0.4433946727123839,4.660974350463,0,1.500206075544869,0,0,0.868857916123017,0,3.201946123168809,0,0,0,0,3.702341901109356,0,2.989168861603893
