5
14
0.3885086994365202
0.1379257967460484
0.2406692742500143
0.07278124953112748
0.1601149800362895
0,1.330894194538194,0,0,0,3.277865874689572,0,0.7101362421596419,0.9812446112847767,1.582144995731455,1.25520923007868,0,0,0
1.330894194538194,0,4.914176006969755,3.103359735997892,1.90672602222236,3.790562156637093,0,0,0,1.587602914496132,0,0,0.4925936884405419,0
0,4.914176006969755,0,0,0,2.075466933065233,1.276933702440254,4.618378063102036,0,1.288068683562189,0,0,0,4.333749484996593
0,3.103359735997892,0,0,0,0.7109357964525204,2.105561268826206,3.628876337347266,4.207800437341031,0,1.867819038213225,3.200582741233575,0.2252555373678711,0
0,1.90672602222236,0,0,0,0,0,0,0,0,0.2090993198647717,3.082217425428426,0,0
3.277865874689572,3.790562156637093,2.075466933065233,0.7109357964525204,0,0,0,0,4.856294075917028,4.432719308801532,2.067136445104076,0.6282729368131312,3.630522158324159,0
0,0,1.276933702440254,2.105561268826206,0,0,0,1.890930685251094,0,0,0.9111375280052786,2.448819009617234,4.479457868962841,0.2208278588133056
0.7101362421596419,0,4.618378063102036,3.628876337347266,0,0,1.890930685251094,0,0,0,0,1.950024572226427,0,3.652926807528535
0.9812446112847767,0,0,4.207800437341031,0,4.856294075917028,0,0,0,0,0,0,0,1.151915336587319
1.582144995731455,1.587602914496132,1.288068683562189,0,0,4.432719308801532,0,0,0,0,0,1.204524985600554,0,2.941046926947468
1.25520923007868,0,0,1.867819038213225,0.2090993198647717,2.067136445104076,0.9111375280052786,0,0,0,0,4.033797723305528,0,4.864791670703173
0,0,0,3.200582741233575,3.082217425428426,0.6282729368131312,2.448819009617234,1.950024572226427,0,1.204524985600554,4.033797723305528,0,3.335601500200375,0
0,0.4925936884405419,0,0.2252555373678711,0,3.630522158324159,4.479457868962841,0,0,0,0,3.335601500200375,0,4.874008335924452
0,0,4.333749484996593,0,0,0,0.2208278588133056,3.652926807528535,1.151915336587319,2.941046926947468,4.864791670703173,0,4.874008335924452,0
0,0,2.438018877169618,2.147822296259265,3.482164945030474,0,2.656046467912194,0,0,0,0,3.516116122781455,3.533576088484653,0.8521601152844166
0,0,0,0,0,0,1.753883724429463,1.676556653526231,3.712726828509695,0,4.784679620353421,3.703240324893071,0,0.8750486869103979
2.438018877169618,0,0,0.7679518830970011,3.743094358880986,0,0,0,4.663067860242821,0,1.143347410527507,2.095241468124415,4.261319451719229,0
2.147822296259265,0,0.7679518830970011,0,1.775368259394245,0,0,0,0,2.855129364121894,0,0,0,1.737188227908951
3.482164945030474,0,3.743094358880986,1.775368259394245,0,4.002793281394055,2.650258523825078,4.930521209479851,0.3347312919887507,4.426797254655709,0,0,1.772278654836644,3.834156936082971
0,0,0,0,4.002793281394055,0,2.639234152093989,2.917853093788572,0,0,0,0,0,3.468938074934486
2.656046467912194,1.753883724429463,0,0,2.650258523825078,2.639234152093989,0,0,3.647565227523235,1.182224663204552,0,0,0,0
0,1.676556653526231,0,0,4.930521209479851,2.917853093788572,0,0,3.86247533593812,4.531821616326074,2.158605859421236,0,4.587469162080585,0
0,3.712726828509695,4.663067860242821,0,0.3347312919887507,0,3.647565227523235,3.86247533593812,0,4.165759928346475,4.895645662169461,2.069503743450948,3.69536113636764,0
0,0,0,2.855129364121894,4.426797254655709,0,1.182224663204552,4.531821616326074,4.165759928346475,0,3.122864584966543,0,4.280911460031439,0
0,4.784679620353421,1.143347410527507,0,0,0,0,2.158605859421236,4.895645662169461,3.122864584966543,0,0,2.447971693616771,0
3.516116122781455,3.703240324893071,2.095241468124415,0,0,0,0,0,2.069503743450948,0,0,0,0,3.375562082025577
3.533576088484653,0,4.261319451719229,0,1.772278654836644,0,0,4.587469162080585,3.69536113636764,4.280911460031439,2.447971693616771,0,0,0
0.8521601152844166,0.8750486869103979,0,1.737188227908951,3.834156936082971,3.468938074934486,0,0,0,0,0,3.375562082025577,0,0
0,0,3.844791320294346,2.258696174523678,0.6266609055458999,0,0.5440896913652271,0,0,0,0,2.778689713596933,2.788944833774381,1.288961252860065
0,0,0,0,0,0,3.427678543737686,1.496125116665533,2.121673918128453,0,4.678654363924402,3.71844170743663,0,0.817849548924966
3.844791320294346,0,0,4.767285349431239,0.6009350899354032,0,0,0,0.817561842637628,0,0.320935436959493,1.953810411020873,2.528183087858781,0
2.258696174523678,0,4.767285349431239,0,4.985016358033239,0,0,0,0,0.8842752881265137,0,0,0,3.303084122514519
0.6266609055458999,0,0.6009350899354032,4.985016358033239,0,3.729237421713606,1.375348779109675,0.1499597513469497,4.696991809422674,4.495024494530701,0,0,2.05314545029757,1.683496321957381
0,0,0,0,3.729237421713606,0,2.057967567037673,2.559099599792376,0,0,0,0,0,0.04901126131531042
0.5440896913652271,3.427678543737686,0,0,1.375348779109675,2.057967567037673,0,0,1.121385353322572,0.8856187724915826,0,0,0,0
0,1.496125116665533,0,0,0.1499597513469497,2.559099599792376,0,0,1.559700287481344,3.14461969326159,4.987801747560946,0,3.567870057971579,0
0,2.121673918128453,0.817561842637628,0,4.696991809422674,0,1.121385353322572,1.559700287481344,0,1.991411141093877,2.746542665091514,2.461725521924689,4.770872281897716,0
0,0,0,0.8842752881265137,4.495024494530701,0,0.8856187724915826,3.14461969326159,1.991411141093877,0,2.95304326459818,0,1.407538475592767,0
0,4.678654363924402,0.320935436959493,0,0,0,0,4.987801747560946,2.746542665091514,2.95304326459818,0,0,4.385243616925219,0
2.778689713596933,3.71844170743663,1.953810411020873,0,0,0,0,0,2.461725521924689,0,0,0,0,1.805110245973304
2.788944833774381,0,2.528183087858781,0,2.05314545029757,0,0,3.567870057971579,4.770872281897716,1.407538475592767,4.385243616925219,0,0,0
1.288961252860065,0.817849548924966,0,3.303084122514519,1.683496321957381,0.04901126131531042,0,0,0,0,0,1.805110245973304,0,0
0,0,1.980033726089376,3.04928584645108,0.6507572519471178,0,3.158831867642444,0,0,0,0,0.9221683387882662,1.567144949682957,1.983996593165718
0,0,0,0,0,0,1.470743168839248,2.26296270784662,2.146778942881025,0,2.289431669271834,0.5296020836638266,0,3.329936082055553
1.980033726089376,0,0,2.704420406207382,2.625225823813044,0,0,0,4.605486279460988,0,3.836647553882872,4.080700514376614,3.178306944306884,0
3.04928584645108,0,2.704420406207382,0,1.120857494915636,0,0,0,0,4.786920112978617,0,0,0,1.919343005359857
0.6507572519471178,0,2.625225823813044,1.120857494915636,0,4.065564068053804,1.243144798309852,2.678320953336188,0.0908876681834786,3.129688130402479,0,0,4.921747084922258,3.311909301997406
0,0,0,0,4.065564068053804,0,3.013191090181986,0.4129636349934968,0,0,0,0,0,4.216066690052548
3.158831867642444,1.470743168839248,0,0,1.243144798309852,3.013191090181986,0,0,1.345273658866825,4.148216928487923,0,0,0,0
0,2.26296270784662,0,0,2.678320953336188,0.4129636349934968,0,0,0.8949123965716754,0.5076694440615609,4.058012904976614,0,3.0916869181097,0
0,2.146778942881025,4.605486279460988,0,0.0908876681834786,0,1.345273658866825,0.8949123965716754,0,3.74911104680318,1.652118048033014,3.47371616566305,0.159613147519892,0
0,0,0,4.786920112978617,3.129688130402479,0,4.148216928487923,0.5076694440615609,3.74911104680318,0,3.302189831563009,0,3.655254148618707,0
0,2.289431669271834,3.836647553882872,0,0,0,0,4.058012904976614,1.652118048033014,3.302189831563009,0,0,1.765709064694778,0
0.9221683387882662,0.5296020836638266,4.080700514376614,0,0,0,0,0,3.47371616566305,0,0,0,0,3.101392135355427
1.567144949682957,0,3.178306944306884,0,4.921747084922258,0,0,3.0916869181097,0.159613147519892,3.655254148618707,1.765709064694778,0,0,0
1.983996593165718,3.329936082055553,0,1.919343005359857,3.311909301997406,4.216066690052548,0,0,0,0,0,3.101392135355427,0,0
0,0,1.364693970618453,0.2970164842913858,0.4617616935960078,0,0.6324993266465145,0,0,0,0,1.060154212661604,0.8310178145107533,0.3699738478846898
0,0,0,0,0,0,2.653146519284428,2.113228266102312,0.6243637935990642,0,1.202391984160423,3.407802152351578,0,4.471946876771214
1.364693970618453,0,0,3.398669491052335,1.629168143816246,0,0,0,3.973289426943766,0,3.356010926782678,1.587139318279248,4.754472076890676,0
0.2970164842913858,0,3.398669491052335,0,3.262255364843075,0,0,0,0,1.3266101809646,0,0,0,3.136732512217335
0.4617616935960078,0,1.629168143816246,3.262255364843075,0,1.916531593127646,2.258193852259864,0.4353860995044617,3.419193068731777,0.6893449620627912,0,0,4.727895945176313,1.220826433951396
0,0,0,0,1.916531593127646,0,3.752600279618678,3.597850674297449,0,0,0,0,0,4.611659988981379
0.6324993266465145,2.653146519284428,0,0,2.258193852259864,3.752600279618678,0,0,3.365155825020595,3.834608339676324,0,0,0,0
0,2.113228266102312,0,0,0.4353860995044617,3.597850674297449,0,0,1.694778391238591,1.954273763631773,2.428258349490088,0,1.716439451206727,0
0,0.6243637935990642,3.973289426943766,0,3.419193068731777,0,3.365155825020595,1.694778391238591,0,4.176102552390653,3.097357775888899,4.86366942539892,1.78434493091271,0
0,0,0,1.3266101809646,0.6893449620627912,0,3.834608339676324,1.954273763631773,4.176102552390653,0,0.2377733655693304,0,0.6888144625975817,0
0,1.202391984160423,3.356010926782678,0,0,0,0,2.428258349490088,3.097357775888899,0.2377733655693304,0,0,2.247217782858741,0
1.060154212661604,3.407802152351578,1.587139318279248,0,0,0,0,0,4.86366942539892,0,0,0,0,4.055754425501426
0.8310178145107533,0,4.754472076890676,0,4.727895945176313,0,0,1.716439451206727,1.78434493091271,0.6888144625975817,2.247217782858741,0,0,0
0.3699738478846898,4.471946876771214,0,3.136732512217335,1.220826433951396,4.611659988981379,0,0,0,0,0,4.055754425501426,0,0
0,0,0.18617317035164,1.57905719169433,0.03910146784667445,0,0.6715165215678731,0,0,0,0,0.386734040563384,3.112486296399476,3.420480334810045
0,0,0,0,0,0,4.16211693142592,1.798031589861178,0.1221700802518699,0,3.819489721432392,2.316302892968596,0,2.582791041756352
0.18617317035164,0,0,0.1828150902422643,2.732247199515343,0,0,0,2.886970983533244,0,3.5760625739292,4.072698864503256,2.219820775094052,0
1.57905719169433,0,0.1828150902422643,0,3.024953209541297,0,0,0,0,4.622904476198005,0,0,0,0.1082490731515323
0.03910146784667445,0,2.732247199515343,3.024953209541297,0,3.086396161582246,1.138564130132738,4.01045720277902,3.918682400416093,1.089007968560623,0,0,3.383223392167696,1.477536254157984
0,0,0,0,3.086396161582246,0,2.917665871309793,4.980780556484347,0,0,0,0,0,3.854771103369623
0.6715165215678731,4.16211693142592,0,0,1.138564130132738,2.917665871309793,0,0,2.387460988634306,4.672391365591348,0,0,0,0
0,1.798031589861178,0,0,4.01045720277902,4.980780556484347,0,0,1.05072818521776,0.2730830761182879,4.472238777836966,0,4.680136633448849,0
0,0.1221700802518699,2.886970983533244,0,3.918682400416093,0,2.387460988634306,1.05072818521776,0,1.612301986811297,1.803182855011014,1.638774802467034,3.313269171436072,0
0,0,0,4.622904476198005,1.089007968560623,0,4.672391365591348,0.2730830761182879,1.612301986811297,0,1.743924042550294,0,4.183613908748588,0
0,3.819489721432392,3.5760625739292,0,0,0,0,4.472238777836966,1.803182855011014,1.743924042550294,0,0,4.817651434217135,0
0.386734040563384,2.316302892968596,4.072698864503256,0,0,0,0,0,1.638774802467034,0,0,0,0,0.09628738707070705
3.112486296399476,0,2.219820775094052,0,3.383223392167696,0,0,4.680136633448849,3.313269171436072,4.183613908748588,4.817651434217135,0,0,0
3.420480334810045,2.582791041756352,0,0.1082490731515323,1.477536254157984,3.854771103369623,0,0,0,0,0,0.09628738707070705,0,0
