25
14
0.07578457198715328
0.04604786570248517
0.02362826933592873
0.0751145715976875
0.06954654281035855
0.01475006691595989
0.0001396662598565973
0.05524818731928139
0.06735427489642593
0.009183240143664128
0.003029022885293761
0.0464327701095317
0.04690773467193595
0.04008627022164126
0.0005827361394395337
0.05347605692193633
0.07343154231991414
0.0678052301400732
0.008792690764079521
0.02752221226974946
0.01877950526118122
0.04349392489316029
0.04756081126670545
0.02334925974702247
0.06195297541953473
0,3.908613064585831,3.099079636304355,2.228281057197876,0,0,3.259985836085016,1.377156899304585,4.400331298630281,3.779570604539806,0,4.792667980645048,0,0
3.908613064585831,0,0.7592286115724228,0,0,0,0,1.250423102947947,0,1.557376788252263,0,0,0,0
3.099079636304355,0.7592286115724228,0,0,0,0.1139933532046672,1.705324844546144,0,2.437153272077227,0.4277611620452859,4.44195467402289,4.307978799921836,0,4.074601357240195
2.228281057197876,0,0,0,4.399332201420013,1.762800506243198,0,4.864261185054015,0,2.9121571435224,0.4603435337718387,2.455729020056827,1.698785820755324,0.8545161762473918
0,0,0,4.399332201420013,0,3.488247842289491,3.33163244244755,2.166476327878482,0.9660115588019519,0,2.310090818869462,0,2.725024456092116,0
0,0,0.1139933532046672,1.762800506243198,3.488247842289491,0,2.634898760974135,0,0.3416973406700102,0.6169069115469034,4.494698684821499,0.60089059776264,0,4.679877766622139
3.259985836085016,0,1.705324844546144,0,3.33163244244755,2.634898760974135,0,0.5857258286378814,3.424542473145731,0,4.937693684139982,0,2.939103131613649,0.2611176391257525
1.377156899304585,1.250423102947947,0,4.864261185054015,2.166476327878482,0,0.5857258286378814,0,0,0,0,2.63512476338683,1.900714951205024,0
4.400331298630281,0,2.437153272077227,0,0.9660115588019519,0.3416973406700102,3.424542473145731,0,0,0,0,3.278055452482498,0,1.299826393584338
3.779570604539806,1.557376788252263,0.4277611620452859,2.9121571435224,0,0.6169069115469034,0,0,0,0,0,1.521492344208389,1.212581544425003,0
0,0,4.44195467402289,0.4603435337718387,2.310090818869462,4.494698684821499,4.937693684139982,0,0,0,0,1.779610595416918,4.427606137448175,4.220403596038731
4.792667980645048,0,4.307978799921836,2.455729020056827,0,0.60089059776264,0,2.63512476338683,3.278055452482498,1.521492344208389,1.779610595416918,0,1.251714412682358,3.645180576725066
0,0,0,1.698785820755324,2.725024456092116,0,2.939103131613649,1.900714951205024,0,1.212581544425003,4.427606137448175,1.251714412682358,0,1.081381027182547
0,0,4.074601357240195,0.8545161762473918,0,4.679877766622139,0.2611176391257525,0,1.299826393584338,0,4.220403596038731,3.645180576725066,1.081381027182547,0
0,0,0,0,0.98102459365626,2.01175808467974,0,0,0,0,3.916329687020181,0,2.259373045212504,3.256346323824712
0,0,0,3.924272955465748,0.3668084504023339,0.1603642320999271,3.252653122274563,0,0.3429117427772782,0,0.4593591663574975,4.945929048196932,1.914342241658811,0.7181879752974624
0,0,0,1.867893913399488,3.79097264857708,0,0,4.630845412915364,0,0,0,0,4.364064965214268,0
0,3.924272955465748,1.867893913399488,0,0,0,2.925908192392963,0,2.839205748694036,0,0,0,0,0
0.98102459365626,0.3668084504023339,3.79097264857708,0,0,0,0,0,0,1.345053039366934,0,4.956015999343726,0,4.185031355114121
2.01175808467974,0.1603642320999271,0,0,0,0,0,3.891803291566553,0,0,0,0,4.375163631827458,0
0,3.252653122274563,0,2.925908192392963,0,0,0,0,0,4.850723164490173,0,2.821304597998889,0,0
0,0,4.630845412915364,0,0,3.891803291566553,0,0,3.04279739205964,3.401758325323423,0.8146978572033492,0,0,1.22047957785845
0,0.3429117427772782,0,2.839205748694036,0,0,0,3.04279739205964,0,1.022462906794782,1.898026428853057,0,3.102125928919972,0
0,0,0,0,1.345053039366934,0,4.850723164490173,3.401758325323423,1.022462906794782,0,4.966713819207541,0,0,4.300951204135183
3.916329687020181,0.4593591663574975,0,0,0,0,0,0.8146978572033492,1.898026428853057,4.966713819207541,0,0,0,0
0,4.945929048196932,0,0,4.956015999343726,0,2.821304597998889,0,0,0,0,0,0,0
2.259373045212504,1.914342241658811,4.364064965214268,0,0,4.375163631827458,0,0,3.102125928919972,0,0,0,0,0
3.256346323824712,0.7181879752974624,0,0,4.185031355114121,0,0,1.22047957785845,0,4.300951204135183,0,0,0,0
0,0,0,0,1.519258113888262,3.294282405364656,0,0,0,0,0.5696531933921295,0,1.667140932304332,4.323110062667765
0,0,0,1.354157510756587,4.111631110926531,4.135711614181573,2.581352828870645,0,1.497001932804324,0,2.010443095185232,2.449575812066973,0.4232459430861268,4.356610332865109
0,0,0,1.108472733841989,4.435153661140065,0,0,1.492497235296198,0,0,0,0,4.690010034598152,0
0,1.354157510756587,1.108472733841989,0,0,0,3.338408820922516,0,1.494820817285986,0,0,0,0,0
1.519258113888262,4.111631110926531,4.435153661140065,0,0,0,0,0,0,2.798389658079538,0,2.619738246318044,0,4.166743235172115
3.294282405364656,4.135711614181573,0,0,0,0,0,0.3468380133450122,0,0,0,0,1.74287488551946,0
0,2.581352828870645,0,3.338408820922516,0,0,0,0,0,1.075848064020167,0,2.157310268371724,0,0
0,0,1.492497235296198,0,0,0.3468380133450122,0,0,1.098279673905804,1.894115653630849,2.829552955008286,0,0,4.422113295467875
0,1.497001932804324,0,1.494820817285986,0,0,0,1.098279673905804,0,3.390530387798978,1.595339101083922,0,1.414200458071627,0
0,0,0,0,2.798389658079538,0,1.075848064020167,1.894115653630849,3.390530387798978,0,1.783528749622829,0,0,1.986141302189177
0.5696531933921295,2.010443095185232,0,0,0,0,0,2.829552955008286,1.595339101083922,1.783528749622829,0,0,0,0
0,2.449575812066973,0,0,2.619738246318044,0,2.157310268371724,0,0,0,0,0,0,0
1.667140932304332,0.4232459430861268,4.690010034598152,0,0,1.74287488551946,0,0,1.414200458071627,0,0,0,0,0
4.323110062667765,4.356610332865109,0,0,4.166743235172115,0,0,4.422113295467875,0,1.986141302189177,0,0,0,0
0,0,0,0,2.416472838671428,4.506740615172558,0,0,0,0,4.89281942579989,0,0.2954765634004031,0.2797626470351045
0,0,0,1.139053524080669,3.614514866342326,1.699931032410843,1.63194067544441,0,2.957917670781836,0,1.475904020149811,3.474366055935413,3.669366493906359,0.4157794837672996
0,0,0,1.094970588559169,0.3439908555185833,0,0,1.690423969256409,0,0,0,0,0.6984463927375023,0
0,1.139053524080669,1.094970588559169,0,0,0,3.240135575278523,0,1.280548905309191,0,0,0,0,0
2.416472838671428,3.614514866342326,0.3439908555185833,0,0,0,0,0,0,4.72391995877153,0,4.627184448157241,0,1.018577171469581
4.506740615172558,1.699931032410843,0,0,0,0,0,1.393922643105225,0,0,0,0,0.209605024543848,0
0,1.63194067544441,0,3.240135575278523,0,0,0,0,0,3.801716732091187,0,1.689222826282459,0,0
0,0,1.690423969256409,0,0,1.393922643105225,0,0,2.031399711506725,3.159773553511671,4.658080684885974,0,0,3.563233973795748
0,2.957917670781836,0,1.280548905309191,0,0,0,2.031399711506725,0,0.2624277131901182,4.930255333633072,0,1.025906259664933,0
0,0,0,0,4.72391995877153,0,3.801716732091187,3.159773553511671,0.2624277131901182,0,3.764289205515048,0,0,2.397095521793077
4.89281942579989,1.475904020149811,0,0,0,0,0,4.658080684885974,4.930255333633072,3.764289205515048,0,0,0,0
0,3.474366055935413,0,0,4.627184448157241,0,1.689222826282459,0,0,0,0,0,0,0
0.2954765634004031,3.669366493906359,0.6984463927375023,0,0,0.209605024543848,0,0,1.025906259664933,0,0,0,0,0
0.2797626470351045,0.4157794837672996,0,0,1.018577171469581,0,0,3.563233973795748,0,2.397095521793077,0,0,0,0
0,0,0,0,1.689060219355119,4.976908882589432,0,0,0,0,4.242983377397745,0,3.704526514467938,4.084275868869251
0,0,0,1.605116085444755,4.629290190087429,4.233554794402651,3.308880983892506,0,1.016495726781681,0,1.532483895131896,2.057109136938824,1.659946663122153,2.308689191840656
0,0,0,2.6111622151275,0.9176409776391997,0,0,4.297400536033948,0,0,0,0,1.969500724255017,0
0,1.605116085444755,2.6111622151275,0,0,0,2.16684533669296,0,4.432818972057735,0,0,0,0,0
1.689060219355119,4.629290190087429,0.9176409776391997,0,0,0,0,0,0,3.572358178744738,0,3.695109307609624,0,2.722088496243867
4.976908882589432,4.233554794402651,0,0,0,0,0,1.896849173430327,0,0,0,0,0.7116985969419581,0
0,3.308880983892506,0,2.16684533669296,0,0,0,0,0,2.920514249290163,0,3.603617139236257,0,0
0,0,4.297400536033948,0,0,1.896849173430327,0,0,3.149539723812401,1.21634761235295,3.915509418423155,0,0,1.890742190410716
0,1.016495726781681,0,4.432818972057735,0,0,0,3.149539723812401,0,4.005861811812494,3.590904526048636,0,2.19567040796893,0
0,0,0,0,3.572358178744738,0,2.920514249290163,1.21634761235295,4.005861811812494,0,0.5502424855633326,0,0,2.824980465474298
4.242983377397745,1.532483895131896,0,0,0,0,0,3.915509418423155,3.590904526048636,0.5502424855633326,0,0,0,0
0,2.057109136938824,0,0,3.695109307609624,0,3.603617139236257,0,0,0,0,0,0,0
3.704526514467938,1.659946663122153,1.969500724255017,0,0,0.7116985969419581,0,0,2.19567040796893,0,0,0,0,0
4.084275868869251,2.308689191840656,0,0,2.722088496243867,0,0,1.890742190410716,0,2.824980465474298,0,0,0,0
0,0,0,0,3.992429147607746,3.265816405473452,0,0,0,0,0.2532324883527171,0,2.533972620277512,2.644612331642143
0,0,0,4.147809021995838,2.463192992308906,1.230347835530492,0.5878274231087816,0,3.179415994434437,0,0.5278056536763742,0.1738837004987331,4.198747674373225,0.1519451183057569
0,0,0,2.167113567438808,3.685363272932944,0,0,1.702391553827163,0,0,0,0,4.90281414857527,0
0,4.147809021995838,2.167113567438808,0,0,0,0.6987937954962875,0,2.234004313914002,0,0,0,0,0
3.992429147607746,2.463192992308906,3.685363272932944,0,0,0,0,0,0,3.396098276970035,0,2.837150280859604,0,4.374713607711743
3.265816405473452,1.230347835530492,0,0,0,0,0,4.323362731915187,0,0,0,0,0.3829641743820855,0
0,0.5878274231087816,0,0.6987937954962875,0,0,0,0,0,2.014757887856207,0,0.06827783331667558,0,0
0,0,1.702391553827163,0,0,4.323362731915187,0,0,2.776538123627267,2.857065358019483,3.428435684894944,0,0,1.244598054979666
0,3.179415994434437,0,2.234004313914002,0,0,0,2.776538123627267,0,3.392843194096569,2.065916792849487,0,0.1362510983040827,0
0,0,0,0,3.396098276970035,0,2.014757887856207,2.857065358019483,3.392843194096569,0,2.985226148072016,0,0,2.448096947732727
0.2532324883527171,0.5278056536763742,0,0,0,0,0,3.428435684894944,2.065916792849487,2.985226148072016,0,0,0,0
0,0.1738837004987331,0,0,2.837150280859604,0,0.06827783331667558,0,0,0,0,0,0,0
2.533972620277512,4.198747674373225,4.90281414857527,0,0,0.3829641743820855,0,0,0.1362510983040827,0,0,0,0,0
2.644612331642143,0.1519451183057569,0,0,4.374713607711743,0,0,1.244598054979666,0,2.448096947732727,0,0,0,0
0,0,0,0,4.937437875946765,0.5421821392775739,0,0,0,0,2.33100916895318,0,0.9996270656967732,3.471752803112208
0,0,0,4.110910973004879,3.274414492248343,2.907456261840663,0.7390870709080316,0,3.991851289151293,0,2.969138022821341,1.464157779842674,1.858616540082787,3.766002663544271
0,0,0,3.706519941492765,3.483574263248608,0,0,0.6906020152504322,0,0,0,0,3.22397012992688,0
0,4.110910973004879,3.706519941492765,0,0,0,3.759647539875419,0,4.079936266481036,0,0,0,0,0
4.937437875946765,3.274414492248343,3.483574263248608,0,0,0,0,0,0,4.796902906535431,0,4.843888314714539,0,0.6050004308483364
0.5421821392775739,2.907456261840663,0,0,0,0,0,2.099801847053496,0,0,0,0,3.702632946504433,0
0,0.7390870709080316,0,3.759647539875419,0,0,0,0,0,2.550201688787835,0,1.870300963879119,0,0
0,0,0.6906020152504322,0,0,2.099801847053496,0,0,0.6378953101913137,4.908643868882113,2.331096424913711,0,0,1.264268726196365
0,3.991851289151293,0,4.079936266481036,0,0,0,0.6378953101913137,0,4.730044725420311,0.4931511862145688,0,4.380921679801731,0
0,0,0,0,4.796902906535431,0,2.550201688787835,4.908643868882113,4.730044725420311,0,2.152976001603016,0,0,1.349058163369079
2.33100916895318,2.969138022821341,0,0,0,0,0,2.331096424913711,0.4931511862145688,2.152976001603016,0,0,0,0
0,1.464157779842674,0,0,4.843888314714539,0,1.870300963879119,0,0,0,0,0,0,0
0.9996270656967732,1.858616540082787,3.22397012992688,0,0,3.702632946504433,0,0,4.380921679801731,0,0,0,0,0
3.471752803112208,3.766002663544271,0,0,0.6050004308483364,0,0,1.264268726196365,0,1.349058163369079,0,0,0,0
0,0,0,0,0.7952377736119726,0.1805701539767801,0,0,0,0,1.628266374740168,0,2.13596775550644,1.06202448140917
0,0,0,2.853414252409392,4.450617389808435,4.688384395373877,0.09882331864408511,0,2.508505261821091,0,1.413637581223792,4.007208688887673,4.141076350168147,3.500213347648097
0,0,0,0.352248161642057,3.884964528530144,0,0,2.538994776763014,0,0,0,0,4.482048897269669,0
0,2.853414252409392,0.352248161642057,0,0,0,1.208933967936093,0,0.4916865087231886,0,0,0,0,0
0.7952377736119726,4.450617389808435,3.884964528530144,0,0,0,0,0,0,3.876671559794933,0,4.12249709909461,0,4.28175384268633
0.1805701539767801,4.688384395373877,0,0,0,0,0,1.199387367459416,0,0,0,0,2.282625636595001,0
0,0.09882331864408511,0,1.208933967936093,0,0,0,0,0,2.478221095425241,0,4.613426101960839,0,0
0,0,2.538994776763014,0,0,1.199387367459416,0,0,0.8459916582780685,4.248410094527584,1.301590478332648,0,0,3.836217972634675
0,2.508505261821091,0,0.4916865087231886,0,0,0,0.8459916582780685,0,0.4577907143741505,3.672795625832048,0,3.050461231372275,0
0,0,0,0,3.876671559794933,0,2.478221095425241,4.248410094527584,0.4577907143741505,0,3.653590086607951,0,0,4.948700710311077
1.628266374740168,1.413637581223792,0,0,0,0,0,1.301590478332648,3.672795625832048,3.653590086607951,0,0,0,0
0,4.007208688887673,0,0,4.12249709909461,0,4.613426101960839,0,0,0,0,0,0,0
2.13596775550644,4.141076350168147,4.482048897269669,0,0,2.282625636595001,0,0,3.050461231372275,0,0,0,0,0
1.06202448140917,3.500213347648097,0,0,4.28175384268633,0,0,3.836217972634675,0,4.948700710311077,0,0,0,0
0,0,0,0,1.184398916130274,3.090456195234869,0,0,0,0,3.151025624998748,0,0.8434513935613558,2.716399731249255
0,0,0,2.859148181144238,2.692627872345106,0.2389364619253309,4.821458651497797,0,3.254060679745709,0,0.7761081046975016,1.732509952815387,0.8825931448078012,1.072561230819955
0,0,0,4.236667181985909,2.509517095768719,0,0,4.28328238445845,0,0,0,0,2.411152027183992,0
0,2.859148181144238,4.236667181985909,0,0,0,3.252296612390312,0,4.297967267376362,0,0,0,0,0
1.184398916130274,2.692627872345106,2.509517095768719,0,0,0,0,0,0,3.038634831610527,0,4.79804639498942,0,4.498880094811638
3.090456195234869,0.2389364619253309,0,0,0,0,0,2.988272582068392,0,0,0,0,3.341246576577646,0
0,4.821458651497797,0,3.252296612390312,0,0,0,0,0,3.256841712658569,0,2.732398240146362,0,0
0,0,4.28328238445845,0,0,2.988272582068392,0,0,0.004997090583767072,1.417220928445303,2.846340855385096,0,0,0.2493094252362016
0,3.254060679745709,0,4.297967267376362,0,0,0,0.004997090583767072,0,4.54219185289089,3.186531451767413,0,1.017961901437094,0
0,0,0,0,3.038634831610527,0,3.256841712658569,1.417220928445303,4.54219185289089,0,1.305880852856274,0,0,0.9183784813306201
3.151025624998748,0.7761081046975016,0,0,0,0,0,2.846340855385096,3.186531451767413,1.305880852856274,0,0,0,0
0,1.732509952815387,0,0,4.79804639498942,0,2.732398240146362,0,0,0,0,0,0,0
0.8434513935613558,0.8825931448078012,2.411152027183992,0,0,3.341246576577646,0,0,1.017961901437094,0,0,0,0,0
2.716399731249255,1.072561230819955,0,0,4.498880094811638,0,0,0.2493094252362016,0,0.9183784813306201,0,0,0,0
0,0,0,0,3.511183163339452,2.835721809489978,0,0,0,0,1.151495818888369,0,3.758472954273437,3.512601360767319
0,0,0,1.430091362496901,1.411025822791112,0.2698882958511928,4.85186451006656,0,3.979774927780634,0,0.003293337930561635,0.4165797241193608,0.6475993051733336,3.399523427617093
0,0,0,3.399401172789536,2.127484140013133,0,0,1.921568089413068,0,0,0,0,0.07046537594511626,0
0,1.430091362496901,3.399401172789536,0,0,0,4.286870304172333,0,0.1381450408058754,0,0,0,0,0
3.511183163339452,1.411025822791112,2.127484140013133,0,0,0,0,0,0,4.740011796666756,0,3.231730327220114,0,1.089325619682352
2.835721809489978,0.2698882958511928,0,0,0,0,0,2.397022018009962,0,0,0,0,3.496230378015637,0
0,4.85186451006656,0,4.286870304172333,0,0,0,0,0,3.718530723114718,0,2.369434348760627,0,0
0,0,1.921568089413068,0,0,2.397022018009962,0,0,2.090812355985618,3.41228832225109,1.243853314440384,0,0,3.426442838044546
0,3.979774927780634,0,0.1381450408058754,0,0,0,2.090812355985618,0,2.54976518526602,0.3692093836803306,0,2.599584123952006,0
0,0,0,0,4.740011796666756,0,3.718530723114718,3.41228832225109,2.54976518526602,0,0.4740384079178195,0,0,4.308283624620113
1.151495818888369,0.003293337930561635,0,0,0,0,0,1.243853314440384,0.3692093836803306,0.4740384079178195,0,0,0,0
0,0.4165797241193608,0,0,3.231730327220114,0,2.369434348760627,0,0,0,0,0,0,0
3.758472954273437,0.6475993051733336,0.07046537594511626,0,0,3.496230378015637,0,0,2.599584123952006,0,0,0,0,0
3.512601360767319,3.399523427617093,0,0,1.089325619682352,0,0,3.426442838044546,0,4.308283624620113,0,0,0,0
0,0,0,0,1.877358313487737,4.80982328902663,0,0,0,0,2.899424866406445,0,1.841754208144002,4.782172786302344
0,0,0,3.495667796506045,4.879787589399821,0.1030901705999543,0.6193025357340987,0,1.166868840357836,0,1.417977085391907,2.555531854714299,4.399417912089393,2.786463403449644
0,0,0,0.6832576094928988,3.056185653871506,0,0,3.478454634143846,0,0,0,0,3.114401722173977,0
0,3.495667796506045,0.6832576094928988,0,0,0,0.4218523552257447,0,4.495782171281822,0,0,0,0,0
1.877358313487737,4.879787589399821,3.056185653871506,0,0,0,0,0,0,0.2982081179268292,0,1.897867427201444,0,0.3848954246744596
4.80982328902663,0.1030901705999543,0,0,0,0,0,4.492737509176007,0,0,0,0,2.856786061953791,0
0,0.6193025357340987,0,0.4218523552257447,0,0,0,0,0,1.50976734563616,0,2.482686592200973,0,0
0,0,3.478454634143846,0,0,4.492737509176007,0,0,2.442428394382223,1.790622654910002,1.596507957604485,0,0,3.101390610755006
0,1.166868840357836,0,4.495782171281822,0,0,0,2.442428394382223,0,3.074517825700275,0.6025408320098918,0,0.2691215107506018,0
0,0,0,0,0.2982081179268292,0,1.50976734563616,1.790622654910002,3.074517825700275,0,2.254817446455856,0,0,0.163162860532281
2.899424866406445,1.417977085391907,0,0,0,0,0,1.596507957604485,0.6025408320098918,2.254817446455856,0,0,0,0
0,2.555531854714299,0,0,1.897867427201444,0,2.482686592200973,0,0,0,0,0,0,0
1.841754208144002,4.399417912089393,3.114401722173977,0,0,2.856786061953791,0,0,0.2691215107506018,0,0,0,0,0
4.782172786302344,2.786463403449644,0,0,0.3848954246744596,0,0,3.101390610755006,0,0.163162860532281,0,0,0,0
0,0,0,0,4.86852451337492,3.730527347094438,0,0,0,0,3.015781602199483,0,4.709088976199421,2.222710814367357
0,0,0,3.981289716407885,0.1821275776274006,3.407392570981062,2.337050133872298,0,3.004194692173962,0,2.754054374897999,1.834167039261434,0.2203956423384829,4.253394512950514
0,0,0,4.292010942893433,4.278859456808681,0,0,3.139520888952744,0,0,0,0,1.155476815555674,0
0,3.981289716407885,4.292010942893433,0,0,0,4.860445808564208,0,4.499677502630878,0,0,0,0,0
4.86852451337492,0.1821275776274006,4.278859456808681,0,0,0,0,0,0,1.343561726213968,0,2.382873404401646,0,2.371075802409361
3.730527347094438,3.407392570981062,0,0,0,0,0,4.673546189569051,0,0,0,0,3.143466709772209,0
0,2.337050133872298,0,4.860445808564208,0,0,0,0,0,0.4480596760106192,0,1.544855406096962,0,0
0,0,3.139520888952744,0,0,4.673546189569051,0,0,0.7993442157623515,4.934633849809251,4.554011161084703,0,0,3.733423149843626
0,3.004194692173962,0,4.499677502630878,0,0,0,0.7993442157623515,0,1.580356004429799,4.907981044581914,0,4.310937155584392,0
0,0,0,0,1.343561726213968,0,0.4480596760106192,4.934633849809251,1.580356004429799,0,3.200372551338708,0,0,1.659790097933263
3.015781602199483,2.754054374897999,0,0,0,0,0,4.554011161084703,4.907981044581914,3.200372551338708,0,0,0,0
0,1.834167039261434,0,0,2.382873404401646,0,1.544855406096962,0,0,0,0,0,0,0
4.709088976199421,0.2203956423384829,1.155476815555674,0,0,3.143466709772209,0,0,4.310937155584392,0,0,0,0,0
2.222710814367357,4.253394512950514,0,0,2.371075802409361,0,0,3.733423149843626,0,1.659790097933263,0,0,0,0
0,0,0,0,4.861527778442285,3.312580492175409,0,0,0,0,2.999395479164285,0,0.08586270455358647,0.4269891540632248
0,0,0,2.207945280756114,1.631222865301562,2.993142633166173,3.283470016522368,0,0.5623118919164322,0,4.35451095751842,3.697397524437434,3.433600092404014,2.792827459014428
0,0,0,0.9991706233353748,3.353985544901116,0,0,2.251940771759627,0,0,0,0,2.63716981388317,0
0,2.207945280756114,0.9991706233353748,0,0,0,0.1572996777955793,0,2.620530048086815,0,0,0,0,0
4.861527778442285,1.631222865301562,3.353985544901116,0,0,0,0,0,0,4.933400219901415,0,4.559449062503594,0,4.175137328673314
3.312580492175409,2.993142633166173,0,0,0,0,0,4.089434169055587,0,0,0,0,4.388819625450256,0
0,3.283470016522368,0,0.1572996777955793,0,0,0,0,0,4.12982741242122,0,4.754187794204539,0,0
0,0,2.251940771759627,0,0,4.089434169055587,0,0,3.334192886118793,0.4199314787809438,4.426100204972053,0,0,4.886278241728347
0,0.5623118919164322,0,2.620530048086815,0,0,0,3.334192886118793,0,0.3874374075771087,2.483997108895746,0,2.214673330269347,0
0,0,0,0,4.933400219901415,0,4.12982741242122,0.4199314787809438,0.3874374075771087,0,0.6601940868440787,0,0,3.743734978914786
2.999395479164285,4.35451095751842,0,0,0,0,0,4.426100204972053,2.483997108895746,0.6601940868440787,0,0,0,0
0,3.697397524437434,0,0,4.559449062503594,0,4.754187794204539,0,0,0,0,0,0,0
0.08586270455358647,3.433600092404014,2.63716981388317,0,0,4.388819625450256,0,0,2.214673330269347,0,0,0,0,0
0.4269891540632248,2.792827459014428,0,0,4.175137328673314,0,0,4.886278241728347,0,3.743734978914786,0,0,0,0
0,0,0,0,3.218490247107024,2.616566592060048,0,0,0,0,2.242139401919576,0,4.145279543894003,0.2867007377062875
0,0,0,2.231078058456108,4.865068119464102,0.5701501725782793,1.450927833164335,0,2.578828265979572,0,0.2112671266624638,2.623700819709974,3.66886452466796,4.508868320237815
0,0,0,3.03669960882106,2.617960223555803,0,0,2.368089710494422,0,0,0,0,3.624959806786194,0
0,2.231078058456108,3.03669960882106,0,0,0,4.177022752224293,0,0.600997563235674,0,0,0,0,0
3.218490247107024,4.865068119464102,2.617960223555803,0,0,0,0,0,0,3.861033660470132,0,0.07426927883936729,0,2.346967510209174
2.616566592060048,0.5701501725782793,0,0,0,0,0,3.544544894509104,0,0,0,0,3.311758698140194,0
0,1.450927833164335,0,4.177022752224293,0,0,0,0,0,1.947935044608466,0,4.909966404365099,0,0
0,0,2.368089710494422,0,0,3.544544894509104,0,0,0.08960184525627746,1.251529431808502,3.97294712082926,0,0,1.919567563303077
0,2.578828265979572,0,0.600997563235674,0,0,0,0.08960184525627746,0,4.253070330018534,0.1120682722007654,0,2.740045786678293,0
0,0,0,0,3.861033660470132,0,1.947935044608466,1.251529431808502,4.253070330018534,0,2.264112149120257,0,0,3.221832290908218
2.242139401919576,0.2112671266624638,0,0,0,0,0,3.97294712082926,0.1120682722007654,2.264112149120257,0,0,0,0
0,2.623700819709974,0,0,0.07426927883936729,0,4.909966404365099,0,0,0,0,0,0,0
4.145279543894003,3.66886452466796,3.624959806786194,0,0,3.311758698140194,0,0,2.740045786678293,0,0,0,0,0
0.2867007377062875,4.508868320237815,0,0,2.346967510209174,0,0,1.919567563303077,0,3.221832290908218,0,0,0,0
0,0,0,0,4.300494384270803,1.299471407421987,0,0,0,0,0.1771173034139423,0,3.13295487477638,3.147252430497396
0,0,0,2.328312041825553,1.825163126528737,3.981226753629226,3.772683198581474,0,4.189203454351171,0,4.523609907331634,4.022604387293656,2.185862186223293,2.097588520065925
0,0,0,2.715224918271941,1.494077050535111,0,0,4.748531767517663,0,0,0,0,3.037078955724677,0
0,2.328312041825553,2.715224918271941,0,0,0,4.178566740854302,0,0.8889704591113945,0,0,0,0,0
4.300494384270803,1.825163126528737,1.494077050535111,0,0,0,0,0,0,2.376771499788974,0,0.783469236169812,0,2.068849696247476
1.299471407421987,3.981226753629226,0,0,0,0,0,3.716102852022539,0,0,0,0,4.377068059374007,0
0,3.772683198581474,0,4.178566740854302,0,0,0,0,0,3.876524266344197,0,2.567815517712892,0,0
0,0,4.748531767517663,0,0,3.716102852022539,0,0,0.5983767825962094,4.056733076575028,4.629049035834385,0,0,1.301028011568612
0,4.189203454351171,0,0.8889704591113945,0,0,0,0.5983767825962094,0,0.72263453474256,0.2691577448475535,0,2.834304158946205,0
0,0,0,0,2.376771499788974,0,3.876524266344197,4.056733076575028,0.72263453474256,0,3.260997994740719,0,0,0.8461898132583229
0.1771173034139423,4.523609907331634,0,0,0,0,0,4.629049035834385,0.2691577448475535,3.260997994740719,0,0,0,0
0,4.022604387293656,0,0,0.783469236169812,0,2.567815517712892,0,0,0,0,0,0,0
3.13295487477638,2.185862186223293,3.037078955724677,0,0,4.377068059374007,0,0,2.834304158946205,0,0,0,0,0
3.147252430497396,2.097588520065925,0,0,2.068849696247476,0,0,1.301028011568612,0,0.8461898132583229,0,0,0,0
0,0,0,0,2.009416990040428,4.809968834580864,0,0,0,0,2.569074175191383,0,2.693732575786096,3.980895332492291
0,0,0,1.395195936373074,1.545748094479586,3.089252935696394,2.790590256794858,0,4.603950539993523,0,0.6548704318258319,4.084555895247657,1.899194584538141,1.790641763945182
0,0,0,0.8116234601625161,3.519845393255973,0,0,0.4174878089466544,0,0,0,0,2.941832228976253,0
0,1.395195936373074,0.8116234601625161,0,0,0,0.2492875067279648,0,3.530537972543072,0,0,0,0,0
2.009416990040428,1.545748094479586,3.519845393255973,0,0,0,0,0,0,3.404497777769765,0,2.357839382649241,0,2.513731319249993
4.809968834580864,3.089252935696394,0,0,0,0,0,4.498548912582747,0,0,0,0,2.337585094191137,0
0,2.790590256794858,0,0.2492875067279648,0,0,0,0,0,0.8968454764198824,0,4.962949092360361,0,0
0,0,0.4174878089466544,0,0,4.498548912582747,0,0,4.760626544389964,0.4221155193904269,0.89419975387939,0,0,4.387347680070619
0,4.603950539993523,0,3.530537972543072,0,0,0,4.760626544389964,0,1.85242896327006,0.7043689880092052,0,3.40197495607153,0
0,0,0,0,3.404497777769765,0,0.8968454764198824,0.4221155193904269,1.85242896327006,0,4.134991657790322,0,0,4.76102550361217
2.569074175191383,0.6548704318258319,0,0,0,0,0,0.89419975387939,0.7043689880092052,4.134991657790322,0,0,0,0
0,4.084555895247657,0,0,2.357839382649241,0,4.962949092360361,0,0,0,0,0,0,0
2.693732575786096,1.899194584538141,2.941832228976253,0,0,2.337585094191137,0,0,3.40197495607153,0,0,0,0,0
3.980895332492291,1.790641763945182,0,0,2.513731319249993,0,0,4.387347680070619,0,4.76102550361217,0,0,0,0
0,0,0,0,3.159653989887286,2.7010201875676,0,0,0,0,2.038650808863185,0,3.252538176900303,3.455956664290718
0,0,0,3.376876592082974,0.6045619229031413,0.3510676199347917,2.13896297774228,0,2.491139647276779,0,4.168644740615328,0.9473574084271946,4.898287199232872,2.444937586897431
0,0,0,0.02826534063422759,1.908054379944412,0,0,1.399144600001063,0,0,0,0,2.16717420016529,0
0,3.376876592082974,0.02826534063422759,0,0,0,2.729431044454149,0,4.156798781935247,0,0,0,0,0
3.159653989887286,0.6045619229031413,1.908054379944412,0,0,0,0,0,0,2.084673774657109,0,2.714958474226283,0,0.6271997999982759
2.7010201875676,0.3510676199347917,0,0,0,0,0,0.3261990241984603,0,0,0,0,0.7066801416833235,0
0,2.13896297774228,0,2.729431044454149,0,0,0,0,0,0.5468060485889403,0,2.279218510326253,0,0
0,0,1.399144600001063,0,0,0.3261990241984603,0,0,4.879269854660961,2.656269818709285,2.587705741182326,0,0,4.030479917553233
0,2.491139647276779,0,4.156798781935247,0,0,0,4.879269854660961,0,3.111957165406255,4.467371558700927,0,1.85689289046546,0
0,0,0,0,2.084673774657109,0,0.5468060485889403,2.656269818709285,3.111957165406255,0,1.54038454210106,0,0,2.716351176961246
2.038650808863185,4.168644740615328,0,0,0,0,0,2.587705741182326,4.467371558700927,1.54038454210106,0,0,0,0
0,0.9473574084271946,0,0,2.714958474226283,0,2.279218510326253,0,0,0,0,0,0,0
3.252538176900303,4.898287199232872,2.16717420016529,0,0,0.7066801416833235,0,0,1.85689289046546,0,0,0,0,0
3.455956664290718,2.444937586897431,0,0,0.6271997999982759,0,0,4.030479917553233,0,2.716351176961246,0,0,0,0
0,0,0,0,4.926183197074152,0.1513508170988437,0,0,0,0,0.5402301830777945,0,3.633147661532571,1.726539311075828
0,0,0,4.5183226318177,4.578828520203948,0.3463948628400065,1.335970286371,0,1.388055611321942,0,4.002341874495312,0.6184672843218159,1.994967113058147,1.279810705010954
0,0,0,3.857425735827046,2.838424989007433,0,0,2.235036546673522,0,0,0,0,1.220864467535125,0
0,4.5183226318177,3.857425735827046,0,0,0,4.715849198277394,0,0.174169102838645,0,0,0,0,0
4.926183197074152,4.578828520203948,2.838424989007433,0,0,0,0,0,0,1.900746014465906,0,0.2984551619290415,0,0.6614266271396935
0.1513508170988437,0.3463948628400065,0,0,0,0,0,1.679555856729295,0,0,0,0,0.3406722861629424,0
0,1.335970286371,0,4.715849198277394,0,0,0,0,0,4.525791690458185,0,2.130204404460494,0,0
0,0,2.235036546673522,0,0,1.679555856729295,0,0,0.1545726933420288,4.003114895739751,3.135026582046547,0,0,2.305605398898497
0,1.388055611321942,0,0.174169102838645,0,0,0,0.1545726933420288,0,4.987759512156852,2.329100365580239,0,0.3911435459284252,0
0,0,0,0,1.900746014465906,0,4.525791690458185,4.003114895739751,4.987759512156852,0,2.01181789502527,0,0,1.257067380779097
0.5402301830777945,4.002341874495312,0,0,0,0,0,3.135026582046547,2.329100365580239,2.01181789502527,0,0,0,0
0,0.6184672843218159,0,0,0.2984551619290415,0,2.130204404460494,0,0,0,0,0,0,0
3.633147661532571,1.994967113058147,1.220864467535125,0,0,0.3406722861629424,0,0,0.3911435459284252,0,0,0,0,0
1.726539311075828,1.279810705010954,0,0,0.6614266271396935,0,0,2.305605398898497,0,1.257067380779097,0,0,0,0
0,0,0,0,2.797387029936377,3.481572317055636,0,0,0,0,2.29937814471157,0,0.4724428196028924,4.734083335807973
0,0,0,4.542629494241873,0.6773910284075096,0.6800369431004483,3.768680370665307,0,3.262599803741471,0,4.589400459993197,4.104982394955108,2.200934571346838,4.645846344961982
0,0,0,3.823937781276699,4.439304776556138,0,0,2.937856319976567,0,0,0,0,2.144801768890037,0
0,4.542629494241873,3.823937781276699,0,0,0,1.607365349349945,0,3.789193551929663,0,0,0,0,0
2.797387029936377,0.6773910284075096,4.439304776556138,0,0,0,0,0,0,1.066351945376044,0,3.290151528140413,0,4.352376825705429
3.481572317055636,0.6800369431004483,0,0,0,0,0,0.02167536304399142,0,0,0,0,3.571212034599359,0
0,3.768680370665307,0,1.607365349349945,0,0,0,0,0,4.381755019612503,0,1.066073893989555,0,0
0,0,2.937856319976567,0,0,0.02167536304399142,0,0,2.469409218767184,3.694116209605318,4.565911729504522,0,0,0.4548084396211061
0,3.262599803741471,0,3.789193551929663,0,0,0,2.469409218767184,0,2.586720666228463,2.804283690667711,0,2.281753618250144,0
0,0,0,0,1.066351945376044,0,4.381755019612503,3.694116209605318,2.586720666228463,0,4.421156580232241,0,0,2.892861549268055
2.29937814471157,4.589400459993197,0,0,0,0,0,4.565911729504522,2.804283690667711,4.421156580232241,0,0,0,0
0,4.104982394955108,0,0,3.290151528140413,0,1.066073893989555,0,0,0,0,0,0,0
0.4724428196028924,2.200934571346838,2.144801768890037,0,0,3.571212034599359,0,0,2.281753618250144,0,0,0,0,0
4.734083335807973,4.645846344961982,0,0,4.352376825705429,0,0,0.4548084396211061,0,2.892861549268055,0,0,0,0
0,0,0,0,4.667959579211045,2.59858078960439,0,0,0,0,2.254413768379152,0,4.387869671538299,2.600951591057386
0,0,0,3.735984720653565,1.660589459141704,3.944456598285044,4.491881625028155,0,4.586494019003338,0,0.6865182922293855,3.189488100057179,0.7840394377219778,2.333784071052178
0,0,0,2.10534676180941,4.214746444976443,0,0,4.388170692072609,0,0,0,0,0.05088727760888534,0
0,3.735984720653565,2.10534676180941,0,0,0,4.032334018966668,0,4.78556089000582,0,0,0,0,0
4.667959579211045,1.660589459141704,4.214746444976443,0,0,0,0,0,0,1.914689945670716,0,4.448176516895213,0,3.014750906509435
2.59858078960439,3.944456598285044,0,0,0,0,0,4.14047801574693,0,0,0,0,1.539930140914935,0
0,4.491881625028155,0,4.032334018966668,0,0,0,0,0,4.998962822223758,0,0.9662474021463757,0,0
0,0,4.388170692072609,0,0,4.14047801574693,0,0,4.313610640694149,0.7083149015122947,3.319841269194039,0,0,2.82134412636599
0,4.586494019003338,0,4.78556089000582,0,0,0,4.313610640694149,0,4.952556075751577,2.472281736916994,0,0.2392190008014966,0
0,0,0,0,1.914689945670716,0,4.998962822223758,0.7083149015122947,4.952556075751577,0,3.502897550275712,0,0,4.577382995166863
2.254413768379152,0.6865182922293855,0,0,0,0,0,3.319841269194039,2.472281736916994,3.502897550275712,0,0,0,0
0,3.189488100057179,0,0,4.448176516895213,0,0.9662474021463757,0,0,0,0,0,0,0
4.387869671538299,0.7840394377219778,0.05088727760888534,0,0,1.539930140914935,0,0,0.2392190008014966,0,0,0,0,0
2.600951591057386,2.333784071052178,0,0,3.014750906509435,0,0,2.82134412636599,0,4.577382995166863,0,0,0,0
0,0,0,0,3.601716030003741,0.2951527783224206,0,0,0,0,2.755701679022094,0,0.07181071972992892,4.769065125989634
0,0,0,1.30255753541773,4.487399461999421,0.4619922896191481,3.64222016978893,0,2.549197267573677,0,2.523661587787243,0.08059900941107589,1.630171420332096,1.270039252784724
0,0,0,0.2840659048681621,4.49399277916095,0,0,2.345502601145096,0,0,0,0,3.044107245221801,0
0,1.30255753541773,0.2840659048681621,0,0,0,3.006993776264046,0,1.714352574984238,0,0,0,0,0
3.601716030003741,4.487399461999421,4.49399277916095,0,0,0,0,0,0,0.1483387575505191,0,0.5481630305760593,0,1.326508630268996
0.2951527783224206,0.4619922896191481,0,0,0,0,0,2.537176886515881,0,0,0,0,3.355819858557813,0
0,3.64222016978893,0,3.006993776264046,0,0,0,0,0,4.321273430285418,0,4.163771229851668,0,0
0,0,2.345502601145096,0,0,2.537176886515881,0,0,1.21438083146555,2.189471289525114,1.945964114963065,0,0,0.936914445743034
0,2.549197267573677,0,1.714352574984238,0,0,0,1.21438083146555,0,1.132672312779193,0.3389274424290756,0,3.691284960133948,0
0,0,0,0,0.1483387575505191,0,4.321273430285418,2.189471289525114,1.132672312779193,0,1.209361475737936,0,0,4.477982630721976
2.755701679022094,2.523661587787243,0,0,0,0,0,1.945964114963065,0.3389274424290756,1.209361475737936,0,0,0,0
0,0.08059900941107589,0,0,0.5481630305760593,0,4.163771229851668,0,0,0,0,0,0,0
0.07181071972992892,1.630171420332096,3.044107245221801,0,0,3.355819858557813,0,0,3.691284960133948,0,0,0,0,0
4.769065125989634,1.270039252784724,0,0,1.326508630268996,0,0,0.936914445743034,0,4.477982630721976,0,0,0,0
0,0,0,0,2.420192584061709,4.450181166141066,0,0,0,0,4.027021585039988,0,1.471513134231186,0.3679781790409997
0,0,0,3.448189200370545,2.498243889236367,1.189343960036532,2.034150673272442,0,4.870957419012989,0,2.024792400586486,4.479773138198667,1.570309643367324,2.15609223639037
0,0,0,2.928734976171139,4.695015457232775,0,0,2.187092378508603,0,0,0,0,4.789875940986789,0
0,3.448189200370545,2.928734976171139,0,0,0,3.948102325615192,0,3.191218547123529,0,0,0,0,0
2.420192584061709,2.498243889236367,4.695015457232775,0,0,0,0,0,0,2.361605325420367,0,2.188865571090568,0,4.324012900284674
4.450181166141066,1.189343960036532,0,0,0,0,0,1.830812180745311,0,0,0,0,3.262104177111321,0
0,2.034150673272442,0,3.948102325615192,0,0,0,0,0,0.1843876114193632,0,3.633185498024804,0,0
0,0,2.187092378508603,0,0,1.830812180745311,0,0,4.171350818593995,1.751901862067346,3.70003790708076,0,0,2.658447929473663
0,4.870957419012989,0,3.191218547123529,0,0,0,4.171350818593995,0,1.99002593210107,4.488232711868456,0,0.1900076769798043,0
0,0,0,0,2.361605325420367,0,0.1843876114193632,1.751901862067346,1.99002593210107,0,3.799159078597938,0,0,2.412533086900195
4.027021585039988,2.024792400586486,0,0,0,0,0,3.70003790708076,4.488232711868456,3.799159078597938,0,0,0,0
0,4.479773138198667,0,0,2.188865571090568,0,3.633185498024804,0,0,0,0,0,0,0
1.471513134231186,1.570309643367324,4.789875940986789,0,0,3.262104177111321,0,0,0.1900076769798043,0,0,0,0,0
0.3679781790409997,2.15609223639037,0,0,4.324012900284674,0,0,2.658447929473663,0,2.412533086900195,0,0,0,0
0,0,0,0,3.195155463406151,1.651011212570103,0,0,0,0,3.504250363930303,0,0.8995743925212007,1.03515974036537
0,0,0,0.6591533273775618,3.076441211075283,1.218239563083924,4.691579201268486,0,0.9863947104865695,0,0.8678608076735861,2.576875285599894,4.472503319521277,3.512650056261714
0,0,0,0.8707762221701565,4.077175779693738,0,0,3.730924699874226,0,0,0,0,0.477232617748003,0
0,0.6591533273775618,0.8707762221701565,0,0,0,3.995925175221578,0,1.715029059851625,0,0,0,0,0
3.195155463406151,3.076441211075283,4.077175779693738,0,0,0,0,0,0,1.666863434218936,0,1.401150448036619,0,0.2905472911198781
1.651011212570103,1.218239563083924,0,0,0,0,0,1.133198588221851,0,0,0,0,2.655244191725509,0
0,4.691579201268486,0,3.995925175221578,0,0,0,0,0,2.723412210036236,0,2.648728469528875,0,0
0,0,3.730924699874226,0,0,1.133198588221851,0,0,4.067955962014342,2.392487485988448,4.088174298543654,0,0,1.775166608866913
0,0.9863947104865695,0,1.715029059851625,0,0,0,4.067955962014342,0,3.482843447558199,1.442826544406305,0,4.771221621797074,0
0,0,0,0,1.666863434218936,0,2.723412210036236,2.392487485988448,3.482843447558199,0,1.454628685967148,0,0,2.213699888818677
3.504250363930303,0.8678608076735861,0,0,0,0,0,4.088174298543654,1.442826544406305,1.454628685967148,0,0,0,0
0,2.576875285599894,0,0,1.401150448036619,0,2.648728469528875,0,0,0,0,0,0,0
0.8995743925212007,4.472503319521277,0.477232617748003,0,0,2.655244191725509,0,0,4.771221621797074,0,0,0,0,0
1.03515974036537,3.512650056261714,0,0,0.2905472911198781,0,0,1.775166608866913,0,2.213699888818677,0,0,0,0
0,0,0,0,4.438184329448021,1.148505989355598,0,0,0,0,4.361177519607989,0,4.63147134098975,3.875139069909837
0,0,0,0.6175041615990029,2.915664840443241,0.524111063294474,1.277137274689013,0,0.555924918944668,0,2.875918062339267,2.722609691731233,1.235120896320199,2.011649339933007
0,0,0,3.64305330283155,0.006789143930155395,0,0,2.33955232903873,0,0,0,0,0.1779528169007383,0
0,0.6175041615990029,3.64305330283155,0,0,0,0.2478238278910549,0,1.082356980912704,0,0,0,0,0
4.438184329448021,2.915664840443241,0.006789143930155395,0,0,0,0,0,0,4.879224020549946,0,4.926231562256015,0,2.288769425510431
1.148505989355598,0.524111063294474,0,0,0,0,0,2.674158547984486,0,0,0,0,3.575535158811526,0
0,1.277137274689013,0,0.2478238278910549,0,0,0,0,0,4.988080910917866,0,4.145403687496648,0,0
0,0,2.33955232903873,0,0,2.674158547984486,0,0,3.144865520378154,2.93701700062047,3.001723965882465,0,0,1.57391752377747
0,0.555924918944668,0,1.082356980912704,0,0,0,3.144865520378154,0,0.3232037972676133,1.345234073767585,0,3.711861672318077,0
0,0,0,0,4.879224020549946,0,4.988080910917866,2.93701700062047,0.3232037972676133,0,1.387193594777459,0,0,1.558774761241541
4.361177519607989,2.875918062339267,0,0,0,0,0,3.001723965882465,1.345234073767585,1.387193594777459,0,0,0,0
0,2.722609691731233,0,0,4.926231562256015,0,4.145403687496648,0,0,0,0,0,0,0
4.63147134098975,1.235120896320199,0.1779528169007383,0,0,3.575535158811526,0,0,3.711861672318077,0,0,0,0,0
3.875139069909837,2.011649339933007,0,0,2.288769425510431,0,0,1.57391752377747,0,1.558774761241541,0,0,0,0
0,0,0,0,0.9936837504946061,0.5697432099759459,0,0,0,0,0.2609607621445048,0,0.3409021841351728,4.570939106218868
0,0,0,0.9545142662224559,3.49126963313707,4.291763801143789,2.665816203044113,0,1.48677146684311,0,3.031089662863916,3.032211041242634,1.553395079563246,0.9092003933284409
0,0,0,2.671455249705146,0.0154534877873258,0,0,4.304136755289375,0,0,0,0,4.431175556628757,0
0,0.9545142662224559,2.671455249705146,0,0,0,1.415993169204728,0,3.931003135152722,0,0,0,0,0
0.9936837504946061,3.49126963313707,0.0154534877873258,0,0,0,0,0,0,2.777217693098786,0,3.043793536672018,0,3.611048220497588
0.5697432099759459,4.291763801143789,0,0,0,0,0,1.447424331947825,0,0,0,0,2.524053115115408,0
0,2.665816203044113,0,1.415993169204728,0,0,0,0,0,2.555040771230232,0,2.559372156691269,0,0
0,0,4.304136755289375,0,0,1.447424331947825,0,0,0.01119099280416647,0.7290284760976068,0.4249853225135142,0,0,3.633707344213469
0,1.48677146684311,0,3.931003135152722,0,0,0,0.01119099280416647,0,3.738307911891818,2.970970877151814,0,4.687247835203648,0
0,0,0,0,2.777217693098786,0,2.555040771230232,0.7290284760976068,3.738307911891818,0,0.03053901513299484,0,0,0.2765688599083377
0.2609607621445048,3.031089662863916,0,0,0,0,0,0.4249853225135142,2.970970877151814,0.03053901513299484,0,0,0,0
0,3.032211041242634,0,0,3.043793536672018,0,2.559372156691269,0,0,0,0,0,0,0
0.3409021841351728,1.553395079563246,4.431175556628757,0,0,2.524053115115408,0,0,4.687247835203648,0,0,0,0,0
4.570939106218868,0.9092003933284409,0,0,3.611048220497588,0,0,3.633707344213469,0,0.2765688599083377,0,0,0,0
